111111111111111111111111111111111111111111111111111111111111111111111111111111111111111111111111
111111111111111111111111111111111111111111111111111111111111111111111111111111111111111111111111
111111111111111111111111111111111111111111111111111111111111111111111111111111111111111111111111
111111111111111111111111111111111111111111111111111111111111111111111111111111111111111111111111
111111111111111111111111111111111111111111111111111111111111111111111111111111111111111111111111
111111111111111111111111111111111111111111111111111111111111111111111111111111111111111111111111
111111111111111111111111111111111111111111111111111111111111111111111111111111111111111111111111
111111111111111111111111111111111111111111111111111111111111111111111111111111111111111111111111
111111111111111111111111111111111111111111111111111111111111111111111111111111111111111111111111
111111111111111111111111111111111111111111111111111111111111111111111111111111111111111111111111
111111111111111111111111111111111111111111111111111111111111111111111111111111111111111111111111
111111111111111111111111111111111111111111111111111111111111111111111111111111111111111111111111
111111111111111111111111111111111111111111111111111111111111111111111111111111111111111111111111
111111111111111111111111111111111111111111111111111111111111111111111111111111111111111111111111
111111111111111111111111111111111111111111111111111111111111111111111111111111111111111111111111
111111111111111111111111111111111111111111111111111111111111111111111111111111111111111111111111
111111111111111111111111111111111111111111111111111111111111111111111111111111111111111111111111
111111111111111111111111111111111111111111111111111111111111111111111111111111111111111111111111
111111111111111111111111111111111111111111111111111111111111111111111111111111111111111111111111
111111111111111111111111111111111111111111111111111111111111111111111111111111111111111111111111
111111111111111111111111111111111111111111111111111111111111111111111111111111111111111111111111
111111111111111111111111111111111111111111111111111111111111111111111111111111111111111111111111
111111111111111111111111111111111111111111111111111111111111111111111111111111111111111111111111
111111111111111111111111111111111111111111111111111111111111111111111111111111111111111111111111
111111111111111111111111111111111111111111111111111111111111111111111111111111111111111111111111
111111111111111111111111111111111111111111111111111111111111111111111111111111111111111111111111
111111111111111111111111111111111111111111111111111111111111111111111111111111111111111111111111
111111111111111111111111111111111111111111111111111111111111111111111111111111111111111111111111
111111111111111111111111111111111111111111111111111111111111111111111111111111111111111111111111
111111111111111111111111111111111111111111111111111111111111111111111111111111111111111111111111
111111111111111111111111111111111111111111111111111111111111111111111111111111111111111111111111
111111111111111111111111111111111111111111111111111111111111111111111111111111111111111111111111
111111111111111111111111111111111111111111111111111111111111111111111111111111111111111111111111
111111111111111111111111111111111111111111111111111111111111111111111111111111111111111111111111
111111111111111111111111111111111111111111111111111111111111111111111111111111111111111111111111
111111111111111111111111111111111111111111111111111111111111111111111111111111111111111111111111
111111111111111111111111111111111111111111111111111111111111111111111111111111111111111111111111
111111111111111111111111111111111111111111111111111111111111111111111111111111111111111111111111
111111111111111111111111111111111111111111111111111111111111111111111111111111111111111111111111
111111111111111111111111111111111111111111111111111111111111111111111111111111111111111111111111
111111111111111111111111111111111111111111111111111111111111111111111111111111111111111111111111
111111111111111111111111111111111111111111111111111111111111111111111111111111111111111111111111
111111111111111111111111111111111111111111111111111111111111111111111111111111111111111111111111
111111111111111111111111111111111111111111111111111111111111111111111111111111111111111111111111
111111111111111111111111111111111111111111111111111111111111111111111111111111111111111111111111
111111111111111111111111111111111111111111111111111111111111111111111111111111111111111111111111
110001110001111111011111100000110000100011100011111111111111111111111111111111111111111111111111
000000000000000000000000000000000000000000000000000011111111111111111111111111111111111111111111
000000000000000000000000000000000000000000000000000011111111111111111111111111111111111111111111
000000000000000000000000000000000000000000000000000011111111111111111111111111111111111111111111
000000000000000000000000000000000000000000000000001111111111111111111111111111111111111111111111
000000000000000000000000000000000000000000000000000111111111111111111111111111111111111111111111
000000000000000000000000000000000000000000000000001111111111111111111111111111111111111111111111
000000000000000000000000000000000000000000000000001111111111111111111111111111111111111111111111
000000000000000000000000000000000000000000000000000111111111111111111111111111111111111111111111
000000000000000000000000000000000000000000000000001111111111111111111111111111111111111111111111
000000000000000000000000000000000000000000000000001111111111111111111111111111111111111111111111
000000000000000000000000000000000000000000000000011111111111111111111111111111111111111111111111
000000000000000000000000000000000000000000000000011111111111111111111111111111111111111111111111
000000000000000000000000000000000000000000000000011111111111111111111111111111111111111111111111
000000000000000000000000000000000000000000000000011111111111111111111111111111111111111111111111
000000000000000000000000000000000000000000000000011111111111111111111111111111111111111111111111
000000000000000000000000000000000000000000000000011111111111111111111111111111111111111111111111
000000000000000000000000000000000000000000000000000111111111111111111111111111111111111111111111
000000000000000000000000000000000000000000000000001111111111111111111111111111111111111111111111
000000000000000000000000000000000000000000000000001111111111111111111111111111111111111111111111
000000000000000000000000000000000000000000000000001111111111111111111111111111111111111111111111
000000000000000000000000000000000000000000000000001111111111111111111111111111111111111111111111
000000000000000000000000000000000000000000000000001111111111111111111111111111111111111111111111
000000000000000000000000000000000000000000000000001111111111111111111111111111111111111111111111
000000000000000000000000000000000000000000000000011111111111111111111111111111111111111111111111
000000000000000000000000000000000000000000000000011111111111111111111111111111111111111111111111
000000000000000000000000000000000000000000000000011111111111111111111111111111111111111111111111
000000000000000000000000000000000000000000000000011111111111111111111111111111111111111111111111
000000000000000000000000000000000000000000000000001111111111111111111111111111111111111111111111
000000000000000000000000000000000000000000000000001111111111111111111111111111111111111111111111
000000000000000000000000000000000000000000000000001111111111111111111111111111111111111111111111
000000000000000000000000000000000000000000000000000111111111111111111111111111111111111111111111
000000000000000000000000000000000000000000000000000111111111111111111111111111111111111111111111
000000000000000000000000000000000000000000000000001111111111111111111111111111111111111111111111
000000000000000000000000000000000000000000000000000111111111111111111111111111111111111111111111
000000000000000000000000000000000000000000000000000111111111111111111111111111111111111111111111
000000000000000000000000000000000000000000000000000111111111111111111111111111111111111111111111
000000000000000000000000000000000000000000000000000111111111111111111111111111111111111111111111
000000000000000000000000000000000000000000000000011111111111111111111111111111111111111111111111
000000000000000000000000000000000000000000000000011111111111111111111111111111111111111111111111
000000000000000000000000000000000000000000000000001111111111111111111111111111111111111111111111
000000000000000000000000000000000000000000000000001111111111111111111111111111111111111111111111
000000000000000000000000000000000000000000000000001111111111111111111111111111111111111111111111
000000000000000000000000000000000000000000000000000111111111111111111111111111111111111111111111
000000000000000000000000000000000000000000000000000111111111111111111111111111111111111111111111
000000000000000000000000000000000000000000000000000111111111111111111111111111111111111111111111
000000000000000000000000000000000000000000000000000111111111111111111111111111111111111111111111
000000000000000000000000000000000000000000000000000111111111111111111111111111111111111111111111
000000000000000000000000000000000000000000000000001111111111111111111111111111111111111111111111
000000000000000000000000000000000000000000000000000011111111111111111111111111111111111111111111
