111111111111111111111111111111111111111111111111111111111111111111111111111111111111111111111111
100000111111111111111111111111111111111111111111111111111111111111111111111111111111111111111111
100000011111111111111111111111111111111111111111111111111111111111111111111111111111111111111111
000000011111111111111111111111111111111111111111111111111111111111111111111111111111111111111111
000110001111111111111111111111111111111111111111111111111111111111111111111111111111111111111111
001110000111111111111111111111111111111111111111111111111111111111111111111111111111111111111111
001110000111111111111111111111111111111111111111111111111111111111111111111111111111111111111111
001111100111111111111111111111111111111101111111111111111111111111111111111111111111111111111111
001101000111111111111111111111111111100001111111111111111111111111111111111111111111111111111111
000000000111111111111111111111111111100000111111110011111111111111111111111111111111111111111111
000011100111111111111111111111111111100000001111110011111111111111111111111111111111111111111111
000000110111111111111111111111111111110000000111100011111111111111111111111111111111111111111111
000110110111111111111111111111111100010000000011101000011111110111111111111111111111111111111111
001110110111111111111111111111111000000000000001101111000000000111111111111111111111111111111111
000110110011111111111111111111111000000000000000001111111111110011000001111111111111111111111111
000010111000011111111111111111111000000000100000011111111111110000010100001001111111111111111111
000010010000011100011110000011111000000000110000000000111111110111110111101101111111111111111111
000010000000000000000000000000000000011111110000011110000110000111110001101100111111111111111111
001110000000000000000000000111100111010001110000011111110000110111110101101110111111111111111111
000010000100000000000010000111110111000100000000011111111011100001100101100110011111111111111111
000000011100000000011111000011110000001100010000011111111011101101101101110000001111111111111111
000001111101000000011111110001110000000000110000000000110001000001101010111011101111111111111111
000011110001100011011111111000000000000001111111111010000101011100000110111010001111111111111111
000001110111100111011111110000000000000000111111111100111101011101110000111010100111111111111111
000011100110000111011111100000000100000011111111111111111100011000111010000010110011111111111111
000000101110000000001100000000011100001111111111111111111111000010000001110000000011111111111111
000000001100011111100001110000000001111111111111111111111111111111101101100111111011111111111111
000000100000111111110001110000001111111111111111111111111111111111101100001111111011111111111111
000110111001111111111011110000001111111111111111111111111111111111101101101110000011111111111111
000110111001111111111111110000001111111111111111111111111111111111110001100000110000111111111111
000001110001111111111111110110001111111111111111111111111111111111111011101011110110011111111111
000111110000111111111110000111111111111111111111111111111111111111111000001011110111011111111111
000000110001011111111111111111111111111111111111111111111111111111111101100011110111001111111111
000000000011100001111111111111111111111111111111111111111111111111111100001111110111000111111111
000111000011111000111011111111111111111111111111111111111111111111111111111101000000010001111111
000000000011000001000111111111111111111111111111111111111111111111111111111101011101110001111111
000000000011011011101111111111111111111111111111111111111111111111111111111101011101110001111111
000000000111010001111111111111111111111111111111111111111111111111111111111100000001110001111111
100000000100000101111111111111111111111111111111111111111111111111111111111111111100000001111111
100000001101011100111111111111111111111111111111111111111111111111111111111111111101110001111111
100000110101011001111111111111111111111111111111111111111111111111111111111111111101100000111111
100000110000000111111111111111111111111111111111111111111111111111111111111111111101100000111111
110000010001110111111111111111111111111111111111111111111111111111111111111111111101100000111111
110000011111110111111111111111111111111111111111111111111111111111111111111111111100000000111111
111000111111111111111111111111111111111111111111111111111111111111111111111111111111100000111111
111001111111111111111111111111111111111111111111111111111111111111111111111111111111111000111111
111111111111111111111111111111111111111111111111111111111111111111111111111111111111111011111111
111111111111111111111111111111111111111111111111111111111111111111111111111111111111100011111111
111111111111111111111111111111111111111111111111111111111111111111111111111111111111100011111111
110011111111111111111111111111111111111111111111111111111111111111111111111111111111100000011111
000011111111111111111111111111111111111111111111111111111111111111111111111111111111000000001111
000011111111111111111111111111111111111111111111111111111111111111111111111111111100000000001111
000011111111111111111111111111111111111111111111111111111111111111111111111111111110000000000111
000011111111111111111111111111111111111111111111111111111111111111111111111111111110000000000011
000001111111111111111111111111111111111111111111111111111111111111111111111111110000000000001011
000000011111111111111111111111111111111111111111111111111111111111111111111111010000000000000011
000000001111111111111111111111111111111111111111111111111111111111111001100111000000000000011011
000000000111111111111111111111111111111111111111111111111111111111111100000000000000000000111111
000000000111111111111111111111111111111111111111111111111111111111111111000001100011100000111111
000000000111111111111111111111111111111111111111111111111111111111111111111101100111110000111111
000000000111111111111111111111111111111111111111111111111111111111111111111001101111111111111111
000000000000111111111111111111111111111111111111111111111111111111111111111000101111111111111111
000000000000011111111111111111111111111111111111111111111111111111111111111100001111111111111111
000000000000001111111111111111111111111111111111111111111111111111111111111111100001111111111111
000000000000001111111111111111111111111111111111111111111111111111111111111110101101111111111111
000000000000001111111111111111111111111111111111111111111111111111111111111110101101111111111111
000000000000000111111111111111111111111111111111111111111111111111111111111110101001111111111111
110000000000000011111111111111111111111111111111111111111111111111111111111110000011111111111111
110000000000000011111111111111111111111111111111111111111111111111111111111111011111111111111111
110000000000000000111111111111111111111111111111111111111111111111111111111111111111111111111111
110000000000000000111111111111111111111111111111111111111111111111111111111111111111111111111111
111000000000000000000111111111111111111111111111111111111111111111111111111111111111111111111111
100000000000000000000111111111111111111111111111111111111111111111111111111111111111111111111111
111000000000000000000111111111111111111111111111111111111111111111111111111111111111111111111111
111100000000000000000111111111111111111111111111111111111111111111111111111100111111111111111111
111100000000000000000001111111111111111111111111111111111111111111111111111100100111111111111111
111111000000000000000000111111111111111111111111111111111111111111111111111000000000111111111111
111111000000000000000000111111111111111111111111111111111111111111111111110000000011111111111111
111110000000000000000000000111111111111111111111111111111111111111111110000010000000111111111111
111110000000000000000000000000000111111111111111111111111111111111111000000110000000011111111111
111111000000000000000000000000000001111111111111111111111111111111100000001110110000001101111111
111111100000000000000000000000000000011111111111111111111111111100000000000010000001101101111111
111111100000000000000000000000000000011111111111111111111111111001000000011100000000101101111111
111111100000000000000000000000000000001111111111111111111111111011010000000100000000001101111111
111111100000000000000000000000000000000111111111111111111111100011000110000000000000000001111111
111111100000000000000000000000000000000111111111111111111111100010010100000000000001001111111111
111111110110000000000000000000000000000011111111111111111111100000110000100000000101101111111111
111111111111000000000000000000000000000001111111111111111111000000000000000000011101101111111111
111111111111000000000000000000000001000001111111111111111111010001101100000000000101001111111111
111111111111110000000000000000000000000011111111111111111111110011101100000001000000011111111111
111111111111111000000000000000000000000011111111111111111111010000001111000011000000011111111111
111111111111111000000000000000000000000011111111111111111111000001101111100011110000011111111111
111111111111111100000000000000000000000011111111111111111111100001101111100011110000011111111111
111111111111111100000000000000000000000011111111111111111111110001101111100000000000111111111111
111111111111111100000000000000000000000011111111111111111111000001110111000000010001111111111111
111111111111111100000000000000000111111111111111111111111111111100000000000000111111111111111111
