111111111111111111000000111111111111111111111111111111111111111111111111111111111111111111111111
111111011111111000000000001111111111111111111111111111111111111111111111111111111111111111111111
111111001110000000000000000000111111111111111111111111111111111111111111111111111111111111111111
111101100000111000000000011100111111111111111111111111111111111111111111111111111111111111111111
111100000011110000000000011101111111111111111111111111111111111111111111111111111111111111111111
101000000000110000000000011100000111111111111111111111111111111111111111111111111111111111111111
100000111000000000000011001100000111111111111111111111111111111111111111111111111111111111111111
000000111100000000001111101110001111111111111111111111111111111111111111111111111111111111111111
000111111110000000001111100000111111111111111111111111111111111111111111111111111111111111111111
001111111110001000111111101110111111111111111111111111111111111111111111111111111111111111111111
001111111111001000000111101111111111111111111111111111111111111111111111111111111111111111111111
011111111110000011010111001111111111111111111111111111111111111111111111111111111111111111111111
000000000000111011010111011111111111111111111111111111111111111111111111111111111111111111111111
000111011011111011010000011111111111111111111111111111111111111111111111111111111111111111111111
010000000001111011001111011111111111111111111111111111111111111111111111111111111111111111111111
011111111100001011011000011111111111111111111111111111111111111111111111111111111111111111111111
011111111101101011011010111111111111111111111111111111111111111111111111111111111111111111111111
011111111101101000011000111111111111111111111111111111111111111111111111111111111111111111111111
011111110000011011000001111111111111111111111111111111111111111111111111111111111111111111111111
011111110111111011111001111111111111111111111111111111111111111111111111111111111111111111111111
001111110111111011111011111111111111111111111111111111111111111111111111111111111111111111111111
000011110111111011111001111111111111111111111111111111111111111111111111111111111111111111111111
000011110111111011100011111111111111111111111111111111111111111111111111111111111111111111111111
000000000111111011000111111111111111111111111111111111111111111111111111111111111111111111111111
000000100000111000001111101111111111111111111111111111111111111111111111111111111111111111111111
000000110000011000001111101111111111111111111111111111111111111111111111111111111111111111111111
000000000000000000000000000111111111111111111111111111111111111111111111111111111111111111111111
000000000000000000011111011111111111111111111111111111111111111111111111111111111111111111111111
100000000000000000011111000011111111111111111111111111111111111111111111111111111111111111111111
110000000000000000001111011001111111111111111111111111111111111111111111111111111111111111111111
110000000000000000011110000001111111111111111111111111111111111111111111111111111111111111111111
110000000000110000000000111000000011111111111111111111111111111111111111111111111111111111111111
110000000001110000000011111000111011111111111111111111111111111111111111111111111111111111111111
111111000011110110001000000011111001111111111111111111111111111111111111111111111111111111111111
111111100011110110111110111011111101111111111111111111111111111111111111111111111111111111111111
111111110111110100001110111011111101111111111111111111111111111111111111111111111111111111111111
111111110001110011101110111011111000111111111111111111111111111111111111111111111111111111111111
111111111100110111000110111011100010111111111111111111111111111111111111111111111111111111111111
111111111110110100010000000000001110111111111111111111111111111111111111111111111111111111111111
111111111110110001010100000111100011111111111111111111111111111111111111111111111111111111111111
111111111110000011010100010001101011111111111111111111111111111111111111111111111111111111111111
111111111110110000010001010101001011111111111111111111111111111111111111111111111111111111111111
111111111111110011111101010000111000111111111111111111111111111111111111111111111111111111111111
111111111111110001111100011011111011111111111111111111111111111111111111111111111111111111111111
111111111111110001111101111001111011111111111111111111111111111111111111111111111111111111111111
111111111111110000111101111100011010111111111111111111111111111111111111111111111111111111111111
111111111111111000010001111111001000111111111111111111111111111111111111111111111111111111111111
111111111111111100000000000000000001111111111111111111111111111111111111111111111111111111111111
111111111111111100000000000000000001111111111111111111111111111111111111111111111111111111111111
111111111111111111110000000001111000111111111111111111111111111111111111111111111111111011111111
111111111111111111111000000001111010011111111111111111111111111111111111111111111111111001111111
111111111111111111111000000011111011011111111111111111111111111111111111111111111111110001111111
111111111111111111111100000011111000011111111111111111111111111111111111111111111111111100011101
111111111111111111111000000000111011111111111111111111111111111111111111111111111111111000000000
111111111111111111111000000110000001111111111111111111111111111111111111111111111111111000000000
111111111111110000001000001111011100000001111111111111111111111111111111111111111111111000000000
111111111110000111100000001111001101111101111111111111111111111111111111111111111111111000000000
111111111111010000001110111111101101111100111111111111111111111111111111111111111110000000000000
111111111100010111101110111111100001111111111111111111111111111111111111111111111100000111100000
111111100001110111101100011110011111111111111111111111111111111111111111111111111000000000000000
111111101111110111101101001110111111111111111111111111111111111111111111111111111011100000000000
111111101111110111000001100011111111111111111111111111111111111111111111111111111011000000010000
111111101111110111011101101111111111111111111111111111111111111111111111111111111011000001110000
111111101111110111011000001111111111111111111111111111111111111111111111111111111010000011111100
111111101111110111011011100111111111111111111111111111111111111111111111111111111000000111111100
111111101111110111011011101111111111111111111111111111111111111111111111111111110000010001111100
111111101111110111011000001111111111111111111111111111111111111111111111111111110010010001111000
111111100000000001000001101111111111111111111111111111111111111111111111111111100010000000011000
111111000111111100011101101111111111111111111111111111111111111111111111111111101010000000000000
111000000111111100111101100111111111111111111111111111111111111111111111111111101011000000000000
111011110111111101111101101111111111111111111111111111111111111111111111111111100010000000000000
111011110111111100111101101111111111111111111111111111111111111111111111111111000000000000000000
110011110111111110111000001111111111111111111111111111111111110010011111111100000011000000000000
110111110111111100011011101111111111111111111111111111111111100101010110000000000000000000000000
110111110111111101000000001111111111111111111111111111111111101101000010000000000000000000000000
110001110000011101111110101111111111111111111111111111111111100000011000000000000000000000000000
100101110111010100000000101111111111111111111111111111111111101111111110000000000000000011100000
001101100111011101111110101111111111111111111111111111000111101111100000111000000000001111110000
011101001111011101111110101111111111111111111111111111000001101111101101111110000101101111110000
000000011111011101111110000011111111111111111111111110000000000111100000111110011111100001000000
011111011111011000000000111111111111111111111111111110000011110000000110111110011111110110110000
001111001111010011101101111111111111111111111111111111000011110111110010111110000000000010110000
001111101111000111110101111111111111111111111111111111000011110111111000011110001111000000000000
000111101111011111110000111111111111111111111111111111000000000111111111011110101111100000010000
000111101000000000011010111111111111111111111111111111111101110111111111011110101111100001110001
100111000001111111000010011111111111111111111111111111110001110000000111011110101111000011110111
100000000000111111101011011111111111111111111111111111111100000111110111000000100011101111111111
111111000000111111001011011111111111111111111111111111111110100000110111011100100000001111111111
111111100000000011011011001111111111111111111111111111111111101110100000011000000000111111111111
111111111010011000011011101111111111111111111111111111111111100010101110011000001111111111111111
111111111010111110000111111111111111111111111111111111111111111000101110000001011111111111111111
111111111111111111111111111111111111111111111111111111111111111100101111000011111111111111111111
111111111111111111111111111111111111111111111111111111111111111100001110001111111111111111111111
111111111111111111111111111111111111111111111111111111111111111110001100111111111111111111111111
111111111111111111111111111111111111111111111111111111111111111110000000111111111111111111111111
111111111111111111111111111111111111111111111111111111111111111111100111111111111111111111111111
