111111111111111111111111111111111111111111111111111111111111111111111110011111111111111111111111
111111111111111111111111111111111111111111111111111111111111111111011110011111111111111111111111
111111111111111111111111111111111111111111111111111111111111111111000000011111111111111111111111
111111111111111111111111111111111111111111111111111111111111111111000111000111111111111111111111
111111111111111111100111111111111111111111111111111111111111111111010000001111111111111111111111
111111111111111111000111111111111111111111111111111111111111111111010111100000011111111111111111
111111111111000001101111111111111111111111111111111111111111111110010001100110000111111111111111
111111111111001110011111111111111111111111111111111111111111111110110100001010110111111111111111
111111111110000000001111111111111111111111111111111111111111111110100101100000110011111111111111
111111111000000001001111111111111111111111111111111111111111111111101001110110000011111111111111
111110110011011011011111111111111111111111111111111111111111111111111110010000011001111111111111
111110000111011011011111111111111111111111111111111111111111111111111111010101011011111111111111
110000000111011011001111111111111111111111111111111111111111111111111111100101010011111111111111
001000000000000011001111111111111111111111111111111111111111111111111111110001010111111111111111
000001010001111110011111111111111111111111111111111111111111111111111110001000000011111111111111
000101001111111111001111111111111111111111111111111111111111111111111101101011101001111111111111
000001010111111111001111111111111111111111111111111111111111111111111100000011101010111111111111
000001010111111110000111111111111111111111111111111111111111111111111110111011000010111011111111
000001010111001100100111111111111111111111111111111111111111111111111110110001011110100011111111
000000000000001111110011111111111111111111111111111111111111111111111110110100000000001001111111
000001101011001111110110111111111111111111111111111111111111111111111110000111001111101011111111
000000001011001101110000011111111111111111111111111111111111111111111110101000001110000001100111
100000000010000000000111001111111111111111111111111111111111111111111111101000001000110000111111
110011110110110000001100000111111111111111111111111111111111111111111111100010111110110110111111
100011111010000111000000000111111111111111111111111111111111111111111111001110111111000111111111
110011111000000011001100000111111111111111111111111111111111111111111100011100111111011111111111
100011111100111011000000000011111111111111111111111111111111111111111111000001111111001111111111
110001111000011000000000000011111111111111111111111111111111111111111111111100000100000011111111
111101100011000000011010000001111111111111111111111111111111111111111011111101010101110111111111
111100001111100100011010000001111111111111111111111111111111111111111011110000000001110011111111
111111100110000000010000100001111111111111111111111111111111111111111111111101111100110111111111
111111110000100111111110100101111111111111111111111111111111111111111011000001111111111111111111
111111111101101001111110101101111111111111111111111111111111111111010100001100111111111111111111
111111111111100111111100100000011111111111111111111111111111111111000110110000111111111111111111
111111111111110111011000101100011111111111111111111111111111111111110110000010011111111111111111
111111111111110000011000000000000111111111111111111111111111111110110000111010111111111111111111
111111111111100010110001000000110111111111111111111111111111111111110010011010111111111111111111
111111111111111100000111000001010001111111111111111111111111111111111011000000111111111111111111
111111111111111111100010001010000001111111111111111111111111111111110000011101111111111111111111
111111111111111111000010001011100000111111111111111111111111111110011110111110001111111111111111
111111111111111111100000011000000010000000111111111111111111111110111110111110101111111111111111
111111111111111110000011000011000010001100011111111111111111110000111110000000101111111111111111
111111111111111110000100011011000010011100011111111111111110010110110000111010100001111111111111
111111111111111100101000111011100000001001011111111111111111010000010001111000000111111111111111
111111111111111111111110110010001110000001101111111101001111000001000001110101110111111111111111
111111111111111111111110100000000111000000001111111100010111100000000000000011111111111111111111
111111111111111111111110000000000000000000011111111111000011100000000011111111111111111111111111
111111111111111111111111111100000000000000111111111111000000000000001111111111111111111111111111
111111111111111111111111111100000000000000111111111111000000000000001111111111111111111111111111
111111111111000000000000000000000100000000111111111100000001101000000000011100001111111111111111
111111111111000000010001101110000111010000111111111001110101101100001010000000000001111111110011
111111111111001001010101101000000111011000111111110011110101101110111010111101010100000000000000
111111111111101011011101110110100000011110011111110111111101101100001000011101010100011101110000
111111111111011011000001100010101011011111011111110111111101101101101011000000010110011101111000
111111111111111011011000001000100011011111001111100111111101101101101001011111000000011101111110
111111111111011000000001100010111011100000000111101111111101100000001100011111101101011101111110
111111111111000001110101101110111000001100000011101111100101101011100001011111000001000001111110
111111111111011101110100101110000001101110000001101111100000101011101101011111011100011101111110
111111111111111101110100000000101101100000000001100000100000000000001100000000000001001101111110
111111111111011101110110000111101101001010011000001110000000011111100000101110111101010100000000
111111111111000000110000000001100000101000000000000000010100001111101110101111111000010001111100
111111111111000000110110101101001011001111100000000011010100000000001000001111111111000111110000
111111111111100000000110100000011000000000001100000001010001000000000010111111110011011000000000
111111111111110001000001001110111011110111011000001100011111010110001010011111111000000011100000
111111111111110111001100001110001011110000011110001110111111010110000000000111011011011000101000
111111111111111111010000101110110000000101111110000110111111000110000111011111111011000010101000
111111111111111000010110100000000001110000111110000010111111010000000111001111110001111000000000
111111111111111111000010001101101010100010000000000000001111011110000011111111100100011111100000
111111111111111111011010101101101000001010011000011101100000000100000011000011111111111111100000
111111111111111111111000100001100011100010100000011101110101011011010000000000000000101110000000
111111111111111111111100000101110000101110100000011100000001000000010000000000100110000000100000
111111111111111111111001100000000110000010001000011110101000011101111100001001101000110111110000
111111111111111111111111101101110101011011011000000000011011111101111101111001100010110111111000
111111111111111111111111000001110001011010000000001111011011110000000000000011101100000110000000
111111111111111111111000011101111101001000111000000111000011101101011010111000000011110000110000
111111111111111111111101011101111100000000000000000010010000001101000000111011110111110000000100
111111111111111111111101011101110000000011000000000000110101100001110110111000000000000000111110
111111111111111111101100001100000101110001000000000000110100001111100010100001111111110100000000
111111111111111111100000101000110101111101000000000000010001000111101000001101111111111100011110
111111111111111110000110000000000101111000010000000000000100000011100010101100001111111110111100
111111111111111111010111011010111101111011010000000000000111001001000111100010101111111110011110
111111111111111111010111010010111101111000000000000000000111000000010111101010001111111111011000
111111100000000000000111001000000000000000000000000000000000010011010111101000011110111100000000
111111101101111111110010001000111110111000100000000000001111010011011100000011011010000111100001
111111101101111111111000000000000000011101101001110000100111011000011101101111000011111011101111
111111011101111110111000000011110011000000001001110110110010000011000001000111011011111000000111
111111000001111110110010000011110100010101100111100110110100111011101101010000011011111111111111
111111001100001000000010000000100001110100000011100000110000011011101100011110000011111111111111
111111100101111111110000000110100100010010111001101011111011010001101111011110110011111111111111
111111110101110111100001000010000001100000111111100000000011000110000000010000000111111111111111
111111110101110111000001000011010001000101111111111111111011110000110110000111111111111111111111
111111110001110100001011000111011100010001111111111111110000000111110110011111111111111111111111
111111111100000000001111100011011001011111111111111111110110110110000110111111111111111111111111
111111111000000000001111100010011001111111111111111111111110110000100000111111111111111111111111
111111111111001000001111100000110000111111111111111111111111111111111001111111111111111111111111
111111111111111000000111000000000111111111111111111111111111111111111011111111111111111111111111
