111111111111111111111111111111111111111111111111111111111111111111111110011111111111111111111111
111111111111111111111111111111111111111111111111111111111111111111011110011111111111111111111111
111111111111111111111111111111111111111111111111111111111111111111000000011111111111111111111111
111111111111111111111111111111111111111111111111111111111111111111000111000111111111111111111111
111111111111111111100111111111111111111111111111111111111111111111010000001111111111111111111111
111111111111111111000111111111111111111111111111111111111111111111010111100000011111111111111111
111111111111000001101111111111100111000101111111111111111111111110010001100110000111111111111111
111111111111001110011111111111100000010100111111111111111111111110110100001010110111111111111111
111111111110000000001111111111100110110000011111111111111111111110100101100000110011111111111111
111111111000000001001111111111100000111000001111111111111111111100101001110110000011111111111111
111110110011011011011111111111100000001000001111111111111111110000000000010000011001111111111111
111110000111011011011111111111100000100001001111111111111111110111010101010101011010111111111111
111110000111011011001111111111000000101111011111111111111111100000011000000101010010111111111111
111110000000000011001111111100000000000110011111111111101111101111011011010001010110111111111111
111111010000111000011111111100000000000000011111111000000000001111000000001000000010111111111111
010101001110110000001111111110000000000000001111111110011011101100001101101011101000111111111111
000001010000100011001111111110000000000111111111111110000011100001100000000011101010111111111111
000001010000100010000111111110000001011111111111111110110000001101101110111011000010111011111111
000001010100001000000111111111000011111111111111111110110111101110001110110001011110100011111111
000000000000001111000011111110000111111111111111111110010000001111011110110100000000001001111111
000001101011001110000110111110010111111111111111111111010101000000011110000111001111101011111111
000000001011001101110000011111111111111111111111111111110001011110000000101000001110000001100111
100000000010000000000111001111111111111111111111111111111111001110111011101000000000110000111111
110011110110110000001100000011111111111111111111111111111111101110111011100010100110110110111111
100011000010000111000000000011111111111111111111111111111111000000111011001110110000000111111111
110000001000000011001100000001111111111111111111111111111111010000001000011100110101011111111111
100011101100111011000000000001111111111111111111111111111111111111100011000001110101001111111111
110001101000011000000000001100001111111111111111111111111111111111100011111100000100000011111111
111101100011000000011011111100000000111111111111111111111111111111001011111101010101110111111111
111100001111100100011011111110000000001111111111111111111111111100001010000000000001110011111111
111111100110000000000011111110000010000011111111111111111111110111011000111101111100000111111111
111111110000100111101111111110000010100000111111111111111111010111011001000001000100110111111111
111111111101101111111111111110001000000011011101111111111111000011010100001100010100111111111111
111111111111101111111111111111100000000000000001111111111111100000000110110000110000001111111111
111111111111111111111111111111100010000001000001111111111111100011110110000010000000101111111111
111111111111111111111111111111111010001001100001110110111111111011111000111010101010101111111111
111111111111111111111111111111111000111000000011100000011111000111111110011010001000001111111111
111111111111111111111111111111111110001100000111100010101100010111111011000000101101001111111111
111111111111111111111111111111111110000101100111111010000101110101111100011101101100000001111111
111111111111111111111111111111111111000000000111110010100101110100111110111110000001001011111111
111111111111111111111111111111111111111111001111111100010101110110111110111110101100011011111111
111111111111111111111111111111111111111111011111111110000001110000111110000000101101111111111111
111111111111111111111111111111111111111111111111111110111000010110110000111010100001111111111111
111111111111111111111111111111111111111111111111111110111011010000010001111000000111111111111111
111111111111111111111111111111111111111111111111111101111111000001000001110101110111111111111111
111111111111111111111111111111111111111111111111111101111111100000000000000011111111111111111111
111111111111111111111111111111111111111111111111111111111111100000000011111111111111111111111111
111111111111111111111111111111111111111111111111111111111000000000001111111111111111111111111111
111111111111111111111111111111111111111111111111111111000000000000001111111111111111111111111111
111111111111111111111111111111111111111111111111111100000001101000000000011100001111111111111111
111111111111111111111111111111111111111111111111111001110101101100001010000000000001111111111111
111111111111111111111111111111111111111111111111110011110101101110111010111101010100000011111111
111111111111111111111111111111111111111111111111110111111101101100001000011101010100011111111111
111111111111111111111111111111111111111111111111111111111101101101101011000000010110011111111111
111111111111111111111111111111111111111111111111111111111101101101101001011111000000011111111111
111111111111111111111111111111111111111111111111111111111101100000001100011111101101011111111111
111111111111111111111111111111111111111111111111111111110101101011100001011111000001000111111111
111111111111111111111111111111111111111111111111111111110000101011101101011111011100011111111111
111111111111111111111111111111111111111111111111111111111110000000001100000000000001001111111111
111111111111111111111111111111111111111111111111111111111111011111100000101110111101011111111111
111111111111111111111111111111111111111111111111111111111111001111101110101110111000011111111111
111111111111111111111111111111111111111111111111111111111111100000001000001110000111011111111111
111111111111111111111111111111111111111111111111111111111111111111000010111111010011111111111111
111111111111111111111111111111111111111111111111111111111111111111001010011111011001111111111111
111111111111111111111111111111111111111111111111111111111111111111000000000111011011111111111111
111111111111111111111111111111111111111111111111111111111111111111000111010010011111111111111111
111111111111111111111111111111111111111111111111111111111111111111000111000000111111111111111111
111111111111111111111111111111111111111111111111111111111111111111110011111100111111111111111111
111111111111111111111111111111111111111111111111111111111111111111111011000011111111111111111111
111111111111111111111111111111111111111111111111111111111111111111111000011111111111111111111111
111111111111111111111111111111111111111111111111111111111111111111111111011111111111111111111111
111111111111111111111111111111111111111111111111111111111111111111111111111111111111111111111111
111111111111111111111111111111111111111111111111111111111111111111111111111111111111111111111111
111111111111111111111111111111111111111111111111111111111111111111111111111111111111111111111111
111111111111111111111111111111111111111111111111111111111111111111111111111111111111111111111111
111111111111111111111111111111111111111111111111111111111111111111111111111111111111111111111111
111111111111111111111111111111111111111111111111111111111111111111111111111111111111111111111111
111111111111111111111111111111111111111111111111111111111111111111111111111111111111111111111111
111111111111111111111111111111111111111111111111111111111111111111111111111111111111111111111111
111111111111111111111111111111111111111111111111111111111111111111111111111111111111111111111111
111111111111111111111111111111111111111111111111111111111111111111111111111111111111111111111111
111111111111111111111111111111111111111111111111111111111111111111111111111111111111111111111111
111111111111111111111111111111111111111111111111111111111111111111111111111111111111111111111111
111111111111111111111111111111111111111111111111111111111111111111111111111111111111111111111111
111111111111111111111111111111111111111111111111111111111111111111111111111111111111111111111111
111111111111111111111111111111111111111111111111111111111111111111111111111111111111111111111111
111111111111111111111111111111111111111111111111111111111111111111111111111111111111111111111111
111111111111111111111111111111111111111111111111111111111111111111111111111111111111111111111111
111111111111111111111111111111111111111111111111111111111111111111111111111111111111111111111111
111111111111111111111111111111111111111111111111111111111111111111111111111111111111111111111111
111111111111111111111111111111111111111111111111111111111111111111111111111111111111111111111111
111111111111111111111111111111111111111111111111111111111111111111111111111111111111111111111111
111111111111111111111111111111111111111111111111111111111111111111111111111111111111111111111111
111111111111111111111111111111111111111111111111111111111111111111111111111111111111111111111111
111111111111111111111111111111111111111111111111111111111111111111111111111111111111111111111111
111111111111111111111111111111111111111111111111111111111111111111111111111111111111111111111111
