111111111111111111111111111111111111111111111111111111111111111111111111111111111111111111111111
111110111111111111111111111111111111111111111111111111111111111111111111111111111111111111111111
111100111111111111111111111111111111111100111111111110111111111111111111111111111111111111111111
110000000011111111111111111111111111111000111111100000011111111111111111111111111111111111111111
000000000011111111111111111111111111100000000000000000000111111111111111111111111111111111111111
000000000011111111111111111111111111110000000000000000000111111111111111111111111111111111111111
000000000000111111111111111111111111110000000000000000000111111111111111111111111111111111111111
000000000000111111111111111111111111110000000000000000000111111111111111111111111111111111111111
000000000000001111111111111111111111111000000000000000000111111111111111111111111111111111111111
000000000000001111111111111111111111111100000000000000000001111111111111111111111111111111111111
000000000000000111111111111111111111111100000000000000000000111111111111111111111111111111111111
000000000000000111111111111111111111111000000000000000000000011111111111111111111111111111111111
000000000000000111111111111111111111111000000000000000000000000011111111111111111111111111111111
000000000000000111111111111111111111110000000000000000000000000011111111111111111111111111111111
000000000000000011111111111111111111100000000000000000000000000111111111111111111111111111111111
000000000000000011111111111111111111000000000000000000000000000001111111111111111111111111111111
000000000000000011111111111111111111000000000000000000000000000001111111111111111111111111111111
000000000000000011111111111111111000000000000000000000000000000001111111111111111111111111111111
000000000000000011111111111111110000000000000000000000000000000011111111111111111111111111111111
000000000000000001111111111111100000000000000000000000000000000001111111111111111111111111111111
000000000000000000111111111111000000000000000000000000000000000001111111111111111111111111111111
000000000000000001111111100000000000000000000000000000000000000001111111111111111111111111111111
000000000000001111111111111110000000000000000000000000000000000001111111111111111111111111111111
000000000000001111111111111110000000000000000000000000000000000000011111111111111111111111111111
000000000001111111111111111110000000000000000000000000000000000000011111111111111111111111111111
000000000000111111111111111110000000000000000000000000000000000000011111111111111111111111111111
000000000001111111111111111110000000000000000000000000000000000000011111111111111111111111111111
000000000001111111111111111111000000000000000000000000000000000000000111111111111111111111111111
000000000001111111111111111111000000000000000000000000000000000000000011111111111111111111111111
000000000000111111111111111111000000000000000000000000000000000000000000000111111111111111111111
000000000000111111111111111111000000000000000000000000000000000000000000000001111111111111111111
000000000000000111111111111111110000000000000000000000000000000000000000000000111111111111111111
110000000000000111111111111111111000000000000000000000000000000000000000000000001111111111111111
111000000000000111111111111111111000000000000000000000000000000000000000000000000001111111111111
110011110100000111111111111111111100000000000000000000000000000000000000000000000000011111111111
111011111110001111111111111111111110000000000000000000000000000000000000000000000000011111111111
111111111111011111111111111111111110000000000000000000000000000000000000000000000000000111111111
111111111111111111111111111111111110000000000000000000000000000000000000000000000000000111111111
111111111111111111111111111111111111000000000000000000000000000000000000000000000000000011111111
111111111111111111111111111111111111000000000000000000000000000000000000000000000000000111111111
111111111111111111111111111111111111100000000000000000000000000000000000000000000000000111111111
111111111111111111111111111111111111100000000000000000000000000000000000000000000000000111111111
111111111111111111111111111111111111100000000000000000000000000000000000000000000000000111111111
111111111111111111111111111111111111100000000000000000000000000000000000000000000000001111111111
111111111111111111111111111111111111100000000000000000000000000000000000000000000000001111111111
111111111111111111111111111111111111110000000000000000000000000000000000000000000000001111111111
111111111111111111111111111111111111111111010111111000000000000000000000000000000000000011111111
111111111111111111111111111111111111111111111111111111111111111111111111111111000000011111111111
111111111111111111111111111111111111111111111111111111111111111111111111111111000000011111111111
111111111111111111111111111111111111111111111111111111111111111111111111110111000000000111111111
111111111111111111111111111111111111111111111111111111111111111111111100000000000000000111111111
111111111111111111111111111111111111111111111111111111111111111111111100000000000000000011111111
111111111111111111111111111111111111111111111111111111111111111111111100000000000000000011111111
111111111111111111111111111111111111111111111111111111111111111111111100000000000000000011111111
111111111111111111111111111111111111111111111111111111111111111111111000000000000000000011111111
111111111111111111111111111111111111111111111111111111111111111111100000000000000000000011111111
111111111111111111111111111111111111111111111111111111111111111111110000000000000000111111111111
111111111111111111111111111111111111111111111111111111111111111111100000000000000111111111111111
111111111111111111111111111111111111111111111111111111111111111110000000000000000111111111111111
111111111111111111111111111111111111111111111111111111111111111100000000000110111111111111111111
111111111111111111111111111111111111111111111111111111111111111110000000011111111111111111111111
111111111111111111111111111111111111111111111111111111111111111100000000111101111111111111111111
111111111111111111111111111111111111111111111111111111111110110000000000101111111111111111111111
111111111111111111111111111111111111111111111111111111111110000000000001111100101111111111111111
111111111111111111111111111111111111111111111111111111111110000000000011001101001101111111111111
111111111111111111111111111111111111111111111111111111111110000000000111111001100111111111111111
111111111111111111111111111111111111111111111111111111111111000000000110111101111111111111111111
111111111111111111111111111111111111111111111111111111111111000000000011100001101110011111111111
111111111111111111111111111111111111111111111111111111111111111000000010111000111010011111111111
111111111111111111111111111111111111111111111111111111111111111111100110101101011111111111111111
111111111111111111111111111111111111111111111111111111111111111111111111010110101011101101111111
111111111111111111111111111111111111111111111111111111111111111111111111011111101111111111111111
111111111111111111111111111111111111111111111111111111111111111111111111111111000100101010111111
111111111111111111111111111111111111111111111111111111111111111111111111111101110111111111111111
111111111111111111110001111111111111111111111111111111111111111111111111111111011111010101111111
111111111111111111100001111111111111111111111111111111111111111111111111111111111111110111111111
111111111111111110000001111111111111111111111111111111111111111111111111111111111111111111111111
111111111111111110000001111111111111111111111111111111111111111111111111111111111111111111111111
111111111111111100000000111111111111111111111111111111111111111111111111111111111111111111111111
111111111111111100000000111111111111111111111111111111111111111111111111111111111111111111111111
111111111111111100000000111111111111111111111111111111111111111111111111111111111111111111111111
111111111111110000000000111111111111111111111111111111111111111111111111111111111111111111111111
111111111110000000000000111111111111111111111111111111111111111111111111111111111111111111111111
111111111110000000000000111111111111111111111111111111111111111111111111111111111111111111111111
111111111110000000000000111111111111111111111111111111111111111110111111111111111111111111111111
111111110000000000000000111111111111111111111111111111110011000000111111111111111111111111111111
111111110000000000000000001111111111111111111111111111110000000000111111111111111111111111111111
111111110000000000000000000000111111111111111111111111110000000001111111111111111111111111111111
111111110000000000000000000000011111111111111111111111111000000001111111111111111111111111111111
111111110000000000000000000000011111111111111111111111111100000001111111111111111111111111111111
111111110000000000000000000000001111111111111111111111111111000001111111111111111111111111111111
111111110000000000000000000000000011111111111111111111111110000001111111111111111111111111111111
111111110000000000000000000000000001111111111111111111111111111111111111111111111111111111111111
111111110000000000000000000000000011111111111111111111111111111111111111111111111111111111111111
111111110000000000000000000000011111111111111111111111111111111111111111111111111111111111111111
111111110000000000000000000000111111111111111111111111111111111111111111111111111111111111111111
