111111111111111111000000111111111111111111111111111111111111111111111111111111111111111111111111
111111011111111000000000001111111111111111111111111111111111111111111111111111111111111111111111
111111001110000000000000000000111111111111111111111111111111111111111111111111111111111111111111
111101100000111000000000011100111111111111111111111111111111111111111111111111111111111111111111
111100000011110000000000011101111111111111111111111111111111111111111111111111111111111111111111
101000000000110000000000011100000011111111111111111111111111111111111111111111111111111111111111
100000111000000000000011001100000001111111111111111111111111111111111111111111111111111111111111
000000111100000000001111101110000000011111111111111111111111111111111111111111111111111111111111
000111111110000000001111100000110101011001111111111111111111111111111111111111111111111111111111
001111111110000000111111101110110101010011111111111111111111111111111111111111111111111111111111
001111111111001000000111101110110001000111111111111111111111111111111111111111111111111111111111
011111111110000011010111001110000111011111111111111111111111111111111111111111111111111111111111
000000000000111011010111000000101111011111111111111111111111111111111111111111111111111111111111
000111011011111011010000001111101111111111111111111111111111111111111111111111111111111111111111
010000000001111011001111001111101111111111111111111111111111111111111111111111111111111111111111
011111111100001011011000001111101111111111111111111111111111111111111111111111111111111111111111
011111111101101011011010001111111111111111111111111111111111111111111111111111111111111111111111
011111111101101000011000011111111111111111111111111111111111111111111111111111111111111111111111
011111110000011011000000011100111111111111111111111111111111111111111111111111111111111111111111
011111110111111011111000111101111111111111111111111111111111111111111111111111111111111111111111
001111110111111011111000111101111111111111111111111111111111111111111111111111111111111111111111
000011110111111011111000000111111111111111111111111111111111111111111111111111111111111111111111
000011110111111011100011100011111111111111111111111111111111111111111111111111111111111111111111
000000000111111011000111111011111111111111111111111111111111111111111111111111111111111111111111
000000100000111000001111100111111111111111111111111111111111111111111111111111111111111111111111
000000110000011000001111101111111111111111111111111111111111111111111111111111111111111111111111
000000000000000000000000000111111111111111111111111111111111111111111111111111111111111111111111
000000000000000000011111011111111111111111111111111111111111111111111111111111111111111111111111
100000000000000000011111000011111111111111111111111111111111111111111111111111111111111111111111
110000000000000000001111011001111111111111111111111111111111111111111111111111111111111111111111
110000000000000000011110000001111111111111111111111111111111111111111111111111111111111111111111
110000000000110000000000111000000011111111111111111111111111111111111111111111111111111111111111
110100000001110000000011111000111011111111111111111111111111111111111111111111111111111111111111
111111000011110110001000000011111001111111111111111111111111111111111111111111111111111111111111
111111100011110110111110111011111101111111111111111111111111111111111111111111111111111111111111
111111110111110100001110111011111101111111111111111111111111111111111111111111111111111111111111
111111110001110011101110111011111000111111111111111111111111111111111111111111111111111111111111
111111111100110111000110111011100010111111111111111111111111111111111111111111111111111111111111
111111111110110100010000000000001110011111111111111111111111111111111111111111111111111111111111
111111111110110001010100000111100011011111111111111111111111111111111111111111111111111111111111
111111111110000011010100010001101011100111111111111111111111111111111111111111111111111111111111
111111111110110000010001010100001011101111111111111111111111111111111111111111111111111111111111
111111111111110011111101010000111000001111111111111111111111111111111111111111111111111111111111
111111111111110001111100011011111011101111111111111111111111111111111111111111111111111111111111
111111111111110001111101111001111011100001111111111111111111111111111111111111111111111111111111
111111111111110000111101111100011010001000111111111111111111111111111111111111111111111111111111
111111111111111000010001111111001000111100111111111111111111111111111111111111111111111111111111
111111111111111100000000000000000001111111111111111111111111111111111111111111111111111111111111
111111111111111100000000000000000001111111111111111111111111111111111111111111111111111111111111
111111111111111111110000000001111000111111111111111111111111111111111111111111110110111011111111
111111111111111111111000000001111010011111111111111111111111111111111111111111110000011001111111
111111111111111111111000000011111011011111111111111111111111111111111111111111111110000001111111
111111111111111111111100000011111000011111111111111111111111111111111111111111111110111100011101
111111111111111111111000000000111011111111111111111111111111111111111111111111111110000000000000
111111111111111111111000000110000001111111111111111111111111111111111111111111111110000000000000
111111111111110000001000001111001100000001111111111111111111111111111111111111111111100000000000
111111111110000111100000001111001101111101111111111111111111111111111111111111101111100000000000
111111111111010000001110111111101101111100111111111111100000111111111111111111111100000000000000
111111111100010111101110111111100001111101111111111111000000111111111111111111111100000111100000
111111100001110111101100011110001101111101111111110010000000111111111111111111111000000000000000
111111101111110111101101001110111101111100111111110000110000011111111111111111111011100000000000
111111101111110111000001100000111100000000001111110010110000001111111111111111111011000000010000
111111101111110111011101101111111111010111110111110010110000000111111111111111111011000001110000
111111101111110111011000001111111100010001110001110000100000001111111111111111111010000011111100
111111101111110111011011100111100001011100011101110000000001000111111111111111111000000111111100
111111101111110111011011100111101111011101000100000000000001110111111111111111110000010001111100
111111101111110111011000000000000111011101110110000000000000000111111111111111110010010001111000
111111100000000001000001100011111011011101110110001110001000000111111111111111100010000000011000
111111000111111100011101100000011011011100000110001110101110000011111111111111101010000000000000
111000010111111100111101100011010010000111100000001110101111001111111111111111101011000000000000
111011110111111101111101100011000110110000001110000000101110001101111111111111100010000000000000
111011110111111100111101100111110000111110111110011011101111000001111111111111000000000000000000
110011110111111110111000000000000110001110111110011000001111000000011111111100000011000000000000
110111110111111100011011101111110000101000111100001111000000000100000110000000000000000000000000
110111110111111101000000001111110101101011111101100001010111101101000010000000000000000000000000
110001110000010001111110101111110100101011111101101100000111100000011000000000000000000000000000
100101110111000100000000101111100110001011111101101111000111101111111110000000000000000011100000
001101100111011101111110101111001110100001000001100000000111101111100000111000000000001111110000
011101001111011101111110101110011110110100010011111100000001101111101101111110000101101111110000
000000011111011101111110000000111110110101010111111110000000000111100000111110011111100001000000
011111011111011000000000111110111110110100000111111110000011110000000110111110011111110110110000
001111001111010011101101111110111110100111101111111111000011110111110010111110000000000010110000
001111101111000111110101111000111110011111101111111111000011110111111000011110101111000000000000
000111101111011111110000111010011110111111101111111111000000000111111111011110101111100000010000
000111101000000000011010111011011000000000001111111111111101110111111111011110101111100001110001
100111000001111111000010011000000011101011101111111111110001110000000111011110101111000011110111
100000000000111111000011011111110000011011101111111111111100000111110111000000100011101111111111
111111000000111111001011011110000111011011101111111111111110100000110111011100100000001111111111
111111100000000011011011001110110111000011100111111111111111101110100000011000000000111111111111
111111111010011000011011100000110000011111101111111111111111100010101110011000001111111111111111
111111111010111110000011101110010111011111101111111111111111111000101110000001011111111111111111
111111111111111111111011001111000111011111101111111111111111111100101111000011111111111111111111
111111111111111111111001011111110111011111001111111111111111111100001110001111111111111111111111
111111111111111111111100011111110000011111011111111111111111111110001100111111111111111111111111
111111111111111111111101001111111000011110011111111111111111111110000000111111111111111111111111
111111111111111111111111100000000000000000111111111111111111111111100111111111111111111111111111
