111111111111111111111111111111111111111111111111111111111111111111111111111111111111111111111111
111111111111111111111111111111111111111111111111111111111111111111111111111111111111111111111111
111111111111111111111111111111111111111111111111111111111111111111111111111111111111111111111111
111111111111111111111111111111111111111111111111111111111111111111111111111111111111111111111111
111111111111111111111111111111111111111111111111111111111111111111111111111111111111111111111111
111111111111111111111111111111111111111111111111111111111111111111111111111111111111111111111111
111111111111111111111111111111111111111111111111111111111111111111111111111111111111111111111111
111111111111111111111111111111111111111111111111111111111111111111111111111111111111111111111111
111111111111111111111111111111111111111111111111111111111111111111111111111111111111111111111111
111111111111111111111111111111111111111111111111111111111111111111111111111111111111111111111111
111111111111111111111111111111111111111111111111111111111111111111111111111111111111111111111111
111111111111111111111111111111111111111111111111111111111111111111111111111111111111111111111111
111111111111111111111111111111111111111111111111111111111111111111111111111111111111111111111111
111111111111111111111111111111111111111111111111111111111111111111111111111111111111111111111111
111111111111111111111111111111111111111111111111111111111111111111111111111111111111111111111111
111111111111111111111111111111111111111111111111111111111111111111111111111111111111111111111111
111111111111111111111111111111111111111111111111111111111111111111111111111111111111111111111111
111111111111111111111111111111111111111111111111111111111111111111111111111111111111111111111111
111111111111111111111111111111111111111111111111111111111111111111111111111111111111111111111111
111111111111111111111111111111111111111111111111111111111111111111111111111111111111111111111111
111111111111111111111111111111111111111111111111111111111111111111111111111111111111111111111111
111111111111111111111111111111111111111111111111111111111111111111111111111111111111111111111111
111111111111111111111111111111111111111111111111111111111111111111111111111111111111111111111111
111111111111111111111111111111111111111111111111111111111111111111111111111111111111111111111111
111111111111111111111111111111111111111111111111111111111111111111111111111111111111111111111111
111111111111111111111111111111111111111111111111111111111111111111111111111111111111111111111111
111111111111111111111111111111111111111111111111111111111111111111111111111111111111111111111111
111111111111111111111111111111111111111111111111111111111111111111111111111111111111111111111111
111111111111111111111111111111111111111111111111111111111111111111111111111111111111111111111111
111111111111111111111111111111111111111111111111111111111111111111111111111111111111111111111111
111111111111111111111111111111111111111111111111111111111111111111111111111111111111111111111111
111111111111111111111111111111111111111111111111111111111111111111111111111111111111111111111111
111111111111111111111111111111111111111111111111111111111111111111111111111111111111111111111111
111111111111111111111111111111111111111111111111111111111111111111111111111111111111111111111111
111111111111111111111111111111111111111111111111111111111111111111111111111111111111111111111111
111111111111111111111111111111111111111111111111111111111111111111111111111111111111111111111111
111111111111111111111111111111111111111111111111111111111111111111111111111111111111111111111111
111111111111111111111111111111111111111111111111111111111111111111111111111111111111111111111111
111111111111111111111111111111111111111111111111111111111111111111111111111111111111111111111111
111111111111111111111111111111111111111111111111111111111111111111111111111111111111111111111111
111111111111111111111111111111111111111111111111111111111111111111111111111111111111111111111111
111111111111111111111111111111111111111111111111111111111111111111111111111111111111111111111111
111111111111111111111111111111111111111111111111111111111111111111111111111111111111111111111111
111111111111111111111111111111111111111111111111111111111111111111111111111111111111111111111111
111111111111111111111111111111111111111111111111111111111111111111111111111111111111111111111111
111111111111111111111111111111111111111111111111111111111111111111111111111111111111111111111111
111111111111111111111111111111111111111111111111111111111111111111111111111111111111111111111111
111111111111111111111111111111111111111111111111111111111111111111111111111111111111111111111111
111111111111111111111111111111111111111111111111111111111111111111111111111111111111111111111111
111111111111111111111111111111111111111111111111111111111111111111111111111111111111111111111111
111111111111111111111111111111111111111111111111111111111111111111111111111111111111111111111111
111111111111111111111111111111111111111111111111111111111111111111111111111111111111111111111111
111111111111111111111111111111111111111111111111111111111111111111111111111111111111111111111111
111111111111111111111111111111111111111111111111111111111111111111111111111111111111111111111111
111111111111111111111111111111111111111111111111111111111111111111111111111111111111111111111111
111111111111111111111111111111111111111111111111111111111111111111111111111111111111111111111111
111111111110011111111111111111111111111111111111111111111111111111111111111111111111111111111111
111110111110011111111111111111111111111111111111111111111111111111111111111111111111111111111111
111100000000001111111111111111111111111111111111111111111111111111111111111111111111111111111111
111100000000000011111111111111111111111111111111111111111111111111111111111111111111111111111111
111110000000000000111111111111111111111111111111111111111111111111111111111111111111111111111111
111000000000000000111111111111111111111111111111111111111111111111111111111111111111111111111111
111100000000000000111111111111111111111111111111111111111111111111111111111111111111111111111111
000000000000000000111111111111111111111111111111111111111111111111111111111111110111111111111111
000000000000000000111111111111111111111101111111111111111111111111111111111111110001111111111111
000000000000000000111111111111111111111000001111111111111111111111111111111111111110100111111111
000000000000000000001111111111111111111000000111111111111111111111111111111111011110001000111111
000000000000000000001111111111111111111000000111111111111111111111111111111110011010001111111111
000000000000000000000001111111111111110000000111111111111111111111111111111110110111111011111111
000000000000000000000001100001111111110000000111111111111111111111111111111011111110101111111111
000000000000000000000000000001111110000000000111111111111111111111111111111100011011101111111111
000000000000000000000000000000000000000000000111111111100111111111111111100110111111100111111111
000000000000000000000000000000000000000000000111111111100111111111111111011010000011001111111111
000000000000000000000000000000000000000000000011111111100000111111111111110110110100010111111111
000000000000000000000000000000000000000000000001111111100000111111111111111111111110111111111111
000000000000000000000000000000000000000000000001111110000000011111111111010110111111011111111111
000000000000000000000000000000000000000000000001100000000000011111111111110111111100111111111111
000000000000000000000000000000000000000000000000000000000000000011111111110101111111111111111111
000000000000000000000000000000000000000000000000000000000000000000001111111111111111111111111111
000000000000000000000000000000000000000000000000000000000111110000001111111111111111111111111111
000000000000000000000000000000000000000000000001100011111111111111111111111111111111111111111111
000000000000000000000000000000000000000000000011100011111111111111111111111111111111111111111111
000000000000000000000000000000000000000000111111111111111111111111111111111111111111111111111111
000000000000000000000000000000000000000000111111111111111111111111111111111111111111111111111111
110000000000000000000000000000000000000000111111111111111111111111111111111111111111111111111111
110000000000000000000000000000000000000000111111111111111111111111111111111111111111111111111111
100000000000000000000000000000000000000001111111111111111111111111111111111111111111111111111111
111000000000000000000000000000000000000001111111111111111111111111111111111111111111111111111111
111000000000000000000000000000000000000111111111111111111111111111111111111111111111111111111111
111100000000000000000000000000000000111111111111111111111111111111111111111111111111111111111111
111100100000000000000000000000000000111111111111111111111111111111111111111111111111111111111111
111110000000000000000000000000000000111111111111111111111111111111111111111111111111111111111111
111111110000000000000000000000000001111111111111111111111111111111111111111111111111111111111111
111111110000000000000000000000000011111111111111111111111111111111111111111111111111111111111111
111111110000000000000000000000011111111111111111111111111111111111111111111111111111111111111111
111111110000000000000000000000111111111111111111111111111111111111111111111111111111111111111111
