111111111111111111111111111111111111111111111111111111111111111111111111111111111111111111111111
111111111111111111111111111111111111111111111111111111111111111111111111111111111111111111111111
111111111111111111111111111111111111111111111111111111111111111111111111111111111111111111111111
111111111111111111111111111111111111111111111111111111111111111111111111111111111111111111111111
111111111111111111111111111111111111111111111111111111111111111111111111111111111111111111111111
111111111111111111111111111111111111111111111111111111111111111111111111111111111111111111111111
111111111111111111111111111111111111111111111111111111111111111111111111111111111111111111111111
111111111111111111111111111111111111111111111111111111111111111111111111111111111111111111111111
111111111111111111111111111111111111111111111111111111111111111111111111111111111111111111111111
111111111111111111111111111111111111111111111111111111111111111111111111111111111111111111111111
111111111111111111111111111111111111111111111111111111111111111111111111111111111111111111111111
111111111111111111111111111111111111111111111111111111111111111111111111111111111111111111111111
111111111111111111111111111111111111111111111111111111111111111111111111111111111111111111111111
111111111111111111111111111111111111111111111111111111111111111111111111111111111111111111111111
111111111111111111111111111111111111111111111111111111111111111111111111111111111111111111111111
111111111111111111111111111111111111111111111111111111111111111111111111111111111111111111111111
111111111111111111111111111111111111111111111111111111111111111111111111111111111111111111111111
111111111111111111111111111111111111111111111111111111111111111111111111111111111111111111111111
111111111111111111111111111111111111111111111111111111111111111111111111111111111111111111111111
111111111111111111111111111111111111111111111111111111111111111111111111111111111111111111111111
111111111111111111111111111111111111111111111111111111111111111111111111111111111111111111111111
111111111111111111111111111111111111111111111111111111111111111111111111111111111111111111111111
111111111111111111111111111111111111111111111111111111111111111111111111111111111111111111111111
111111111111111111111111111111111111111111111111111111111111111111111111111111111111111111111111
111111111111111111111111111111111111111111111111111111111111111111111111111111111111111111111111
111111111111111111111111111111111111111111111111111111111111111111111111111111111111111111111111
111111111111111111111111111111111111111111111111111111111111111111111111111111111111111111111111
111111111111111111111111111111111111111111111111111111111111111111111111111111111111111111111111
111111111111111111111111111111111111111111111111111111111111111111111111111111111111111111111111
111111111111111111111111111111111111111111111111111111111111111111111111111111111111111111111111
111111111111111111111111111111111111111111111111111111111111111111111111111111111111111111111111
111111111111111111111111111111111111111111111111111111111111111111111111111111111111111111111111
111111111111111111111111111111111111111111111111111111111111111111111111111111111111111111111111
111111111111111111111111111111111111111111111111111111111111111111111111111111111111111111111111
111111111111111111111111111111111111111111111111111111111111111111111111111111111111111111111111
111111111111111111111111111111111111111111111111111111111111111111111111111111111111111111111111
111111111111111111111111111111111111111111111111111111111111111111111111111111111111111111111111
111111111111111111111111111111111111111111111111111111111111111111111111111111111111111111111111
111111111111111111111111111111111111111111111111111111111111111111111111111111111111111111111111
111111111111111111111111111111111111111111111111111111111111111111111111111111111111111111111111
111111111111111111111111111111111111111111111101111111111111111111111111111111111111111111111111
111111111110011111111111111111111111100000000000011111111111111111111111111111111111111111111111
000000000000000000000000000001100000000000000000000111111111111111111111111111111111111111111111
000000000000000000000000000000000000000000000000000000011111111111111111111111111111111111111111
000000000000000000000000000000000000000000000000000000001111111111111111111111111111111111111111
000000000000000000000000000000000000000000000000000000000000111111111111111111111111111111111111
000000000000000000000000000000000000000000000000000000000000011111111111111111111111111111111111
000000000000000000000000000000000000000000000000000000000000000011111111111111111111111111111111
000000000000000000000000000000000000000000000000000000000000000011111111111111111111111111111111
000000000000000000000000000000000000000000000000000000000000000011111111111111111111111111111111
000000000000000000000000000000000000000000000000000000000000000111111111111111111111111111111111
000000000000000000000000000000000000000000000000000000000000000111111111111111111111111111111111
000000000000000000000000000000000000000000000000000000000000011111111111111111111111111111111111
000000000000000000000000000000000000000000000000000000000000011111111111111111111111111111111111
000000000000000000000000000000000000000000000000000000000000011111111111111111111111111111111111
000000000000000000000000000000000000000000000000000000000001111111111111111111111111111111111111
000000000000000000000000000000000000000000000000000000000001111111111111111111111111111111111111
000000000000000000000000000000000000000000000000000000000001111111111111111111111111111111111111
000000000000000000000000000000000000000000000000000000000001111111111111111111111111111111111111
000000000000000000000000000000000000000000000000000000000011111111111111111111111111111111111111
000000000000000000000000000000000000000000000000000000000011111111111111111111111111111111111111
000000000000000000000000000000000000000000000000000000000011111111111111111111111111111111111111
000000000000000000000000000000000000000000000000000000000011111111111111111111111111111111111111
000000000000000000000000000000000000000000000000000000000011111111111111111111111111111111111111
000000000000000000000000000000000000000000000000000000000011111111111111111111111111111111111111
000000000000000000000000000000000000000000000000000000001111111111111111111111111111111111111111
000000000000000000000000000000000000000000000000000000000111111111111111111111111111111111111111
000000000000000000000000000000000000000000000000000000001111111111111111111111111111111111111111
000000000000000000000000000000000000000000000000000000011111111111111111111111111111111111111111
000000000000000000000000000000000000000000000000000000011111111111111111111111111111111111111111
000000000000000000000000000000000000000000000000000000001111111111111111111111111111111111111111
000000000000000000000000000000000000000000000000000000001111111111111111111111111111111111111111
000000000000000000000000000000000000000000000000000000001111111111111111111111111111111111111111
000000000000000000000000000000000000000000000000000000001111111111111111111111111111111111111111
000000000000000000000000000000000000000000000000000000000111111111111111111111111111111111111111
000000000000000000000000000000000000000000000000000000000111111111111111111111111111111111111111
000000000000000000000000000000000000000000000000000000000111111111111111111111111111111111111111
000000000000000000000000000000000000000000000000000000000111111111111111111111111111111111111111
000000000000000000000000000000000000000000000000000000000111111111111111111111111111111111111111
000000000000000000000000000000000000000000000000000000000011111111111111111111111111111111111111
000000000000000000000000000000000000000000000000000000000011111111111111111111111111111111111111
000000000000000000000000000000000000000000000000000000000011111111111111111111111111111111111111
000000000000000000000000000000000000000000000000000000000011111111111111111111111111111111111111
000000000000000000000000000000000000000000000000000000000011111111111111111111111111111111111111
000000000000000000000000000000000000000000000000000000000011111111111111111111111111111111111111
000000000000000000000000000000000000000000000000000000000011111111111111111111111111111111111111
000000000000000000000000000000000000000000000000000000000011111111111111111111111111111111111111
000000000000000000000000000000000000000000000000000000000011111111111111111111111111111111111111
000000000000000000000000000000000000000000000000000000000000111111111111111111111111111111111111
000000000000000000000000000000000000000000000000000000000000111111111111111111111111111111111111
000000000000000000000000000000000000000000000000000000000000111111111111111111111111111111111111
000000000000000000000000000000000000000000000000000000000000111111111111111111111111111111111111
000000000000000000000000000000000000000000000000000000000000101111111111111111111111111111111111
000000000000000000000000000000000000000000000000000000000000001111111111111111111111111111111111
000000000000000000000000000000000000000000000000000000000000000111111111111111111111111111111111
000000000000000000000000000000000000000000000000000000000000000011111111111111111111111111111111
