111111111111111111111111111000000000000011111111111111111111111111111110011111111111111111111111
111111111111111111111001110000000000000001111111111111111111111111011110011111111111111111111111
111111111111111111110000000000000000000011111111111111111111111111000000011111111111111111111111
111111111111111111110000000000000010000011111111111111111111111111000111000111111111111111111111
111111111111111111100000000000000000010001111111111111111111111111010000001111111111111111111111
111111111111111111000000001000000111010101111111111111111111111111010111100000011111111111111111
111111111111000001100000011000000111000101111111111111111111111110010001100110000111111111111111
111111111111001110000000001100001111111111111111111111111111111110110100001010110111111111111111
111111111110000000000011100000001111111111111111111111111111111110100101100000110011111111111111
111111111000000001000000001110001111111111111111111111111111111100101001110110000011111111111111
111110110011011011010010100000001111111111111111111111111111110000000000010000011001111111111111
111110000111011011010110000000001111111111111111111111111111110111010101010101011011111111111111
111100000111011011001100000000001111111111111111111111111111100000011000000101010011111111111111
011100000001000111000011100000011111111111111111111111111111101111011011010001010111111111111111
011101010001111111011011100000111111111111111111111111111111001111000000001000000011111111111111
000101001111111111101000000000111111111111111111111111111111101100001101101011101001111111111111
000001011111111111001011010000111111111111111111111111111111100001100000000011101011111111111111
000001011111111110100000010110011111111111111111111111111111001101101110111011000010111011111111
000001010111011100110110110110011111111111111111111111111111101110001110110001011110100011111111
000000000011001111111000100000011111111111111111111111111111001111011110110100000000001001111111
000001101011001111111110001100111111111111111111111111111111000000011110000111001111101011111111
000000001011001101110000001001111111111111111111111111111111111110000000101000001110000001100111
100000000010000000000111000011111111111111111111111111111111111110111011101000011000110000101111
110011111110110000001100000011111111111111111111111111111111111110111011100010111110110110001111
100011111110000111000000000111111111111111111111111111111111111100111011001110111111100110100111
110111111000000011001100000111111111111111111111111111111111111110001000011100111111011110110111
100011111100111011000000000001111111111111111111111111111111111111100011000001111111001110110111
110001111000011000000000000001111111111111111111111111111111111111100011111100001110000000000001
111101110011000000011010000001111111111111111111111111111111111111001011111101010111110111111101
111100001111100100011010000011111111111111111111111111111111111100001011110000000011110000000000
111111100110000000000000100011111111111111111111111111111111110111011111111101111111110101110000
111111110000100111101110100111111111111111111111111111111111010111011111000001001111110010111000
111111111101101000000010101111111111111111111111111111111111000011010110001100011111111000000000
111111111111100111000100100011111111111111111111111111111111100000000110110000111111101101100000
111111111111110111000000101111111111111111111111111111111111000010110110000011111111101101000000
111111111111110000011000000011111111111111111111111111111111111011110000111010111010101100000000
111111111111100010110001000011111111111111111111111111111111000011111010011010011000001100011111
111111111111111100000111000011111111111111111111111110101100010111111011000000111101001100111111
111111111111111111100010001111111111111111110111111110000001110101111000011101101100000000111111
111111111111111111000010001111111111111111110011111110100101110100111110111110000001001011111111
111111111111111111100000011111111111111111111011111100010101110110111110111110101100011011111111
111111111111111110000011011111111111111111011011111110000001110000111110000000101101111111111111
111111111111111110000100011111111111111111010111111110111000010110110000111010100001111111111111
111111111111111100101001111111111111111111000111111110011011010000010001111000000111111111111111
111111111111111111111111111111111111111111100111111101111011000001000001110101110111111111111111
111111111111111111111111111111111111111111101111111100111111100000000000000011111111111111111111
111111111111111111111111111111111111111111111111111111111011100000000011111111111111111111111111
111111111111111111111111111111111111111111111111111111000000000000001111111111111111111111111111
111111111111111111111111111111111111111111111111111111000000000000001111111111111111111111111111
111111110000001111111111111111111111111111111111111100000001101000000000011100001111111111111111
000000000000011111111111111111111111111111111111111001110101101100001010000000000001111111110011
011101101100011111111111111111111111111111111111110011110101101110111010111101010100000000000000
000000001101111111111111111111111111111111111111110111111101101100001000011101010100011101110000
000001111100011111111111111111111111111111111111110111111101101101101011000000010110011101111000
000000111101111111111111111111111111111111111111100111111101101101101001011111000000011101111110
010110000000011111111111111111111111111111111111101111111101100000001100011111101101011101111110
011111011011011111111111111111111111111111111111101111100101101011100001011111000001000001111110
011110001011011111111111111111111111111111111111101111110000101011101101011111011100011101111110
011110110000011111111111111111111111111111111111111111111110000000001100000000000001001101111110
000000000101011111111111111111111111111111111111111111111111011111100000101111111101010100000000
011111011001011111111111111111111111111111111111111111111111001111101110101111111000010001111100
000000011000001111111111111111111111111111111111111111111111100000001000001111111111000111110000
011111001011100111111111111111111111111111111111111111111111111111000010111111110011011000000000
011111101011100111111111111111111111111111111111111111111111111111001010011111111000000011100000
011100000011100111111111111111111111111111111111111111111111111111000000001111111011011000101000
000001011000001111111111111111111111111111111111111111111111111111000111011111111011000010101000
001101001011000011111111111111111111111111111111111111111111111111000111011111110001111000000000
011101010011101111111111111111111111111111111111111111111111111111110011111111000100011111100000
011100100011000011111111111111111111111111111111111111111111111111111011000000111111000000000000
011110101000010111111111111111111111111111111111111111111111111111111000011100000000101110000000
010110001010110000111111111111111111111111111111111111111111111111111111011100100110000000100000
000110111010000000100001111111111111111111111111111111111111111111111111111101101000110111110000
000000111000111000001111111111111111111111111111111111111111111111111111111101100010110111111000
000000010110000000101111011111111111111111111111111111111111111111111111111111101100000110000000
000011000111011100000000011111111111111111111111111111111111111111111111111110000011110000110000
000000000000000011011101011111111111111111111111111111111111111111111111111111110111110000000100
001101111101011011011101011111111111111111111111111111111111111111111111111110000000000000111110
000000000001011000001100001111111111111111111111111111111111111111111111111111111111110000000000
000011110101000010100000101011111111111111111111111111111111111111111111111111111111111000011110
000001110101011110000110000001111111111111111111111111111111111111111111111111001111100010111100
000100000001011111010111011011111111111111111111111111111111111111111111111111101100001010011110
000111111101011111010111010010111111111111111111111111111111111111111111111111000001111011011000
000000000000000000000111001000111111111111111111111111111111111111111111111111011000111000000000
001101101101111101110010001000111111111111111111111111111111111111111111111111011010000011100001
011101001100000001111000000000111111111111111111111111111111111111111111111111000011111011101111
000000011101110110111000000011110111111111111111111111111111111111111111111111111011111000000111
111111000001110110110010000011110111111111111111111111111111111111111111111111111011111111111111
111111001100000000000010000000100001111111111111111111111111111111111111111111110011111111111111
111111100101110111110000000110100100011111111111111111111111111111111111111111111111111111111111
111111110101110111100001000010000001101111111111111111111111111111111111111111111111111111111111
111111110101110111000001000011010001000101111111111111111111111111111111111111111111111111111111
111111110001110100001001000111011100010001111111111111111111111111111111111111111111111111111111
111111111100000000001100000011011001011111111111111111111111111111111111111111111111111111111111
111111111000000000001000000010011001111111111111111111111111111111111111111111111111111111111111
111111111111001000000000000000110000111111111111111111111111111111111111111111111111111111111111
111111111111111000000000000000000111111111111111111111111111111111111111111111111111111111111111
