111111111111111111111111111111111111111111111111111111111111111111111110011111111111111111111111
111111111111111111111111111111111111111111111111111111111111111111011110011111111111111111111111
111111111111111111111111111111111111111111111111111111111111111111000000011111111111111111111111
111111111111111111111111111111111111111111111111111111111111111111000111000111111111111111111111
111111111111111111111111111111111111111111111111111111111111111111010000001111111111111111111111
111111111111111111111111111111111111111111111111111111111111111111010111100000011111111111111111
111111111111111111111111111111111111111111111111111111111111111110010001100110000111111111111111
111111111111111111111111111111111111111111111111111111111111111110110100001010110111111111111111
111111111111111111111111111111111111111111111111111111111111111110100101100001111011111111111111
111111111111111111111111111111111111111111111111111111111111111100101001110111111011111111111111
111110111111111111111111111111111111111111111111111111111111110000000000010000111111111111111111
111110011111111111111111111111111111111111111111111111111111110111010101010111111111111111111111
110000001111111111111111111111111111111111111111111111111111100000011000011111111111111111111111
000000000111111111111111111111111111111111111111111111101111101111011011011111111111111111111111
000001010111111111111111111111111111111111111001111000000101001111000001111111111111111111111111
001111001111111111111111111111111111110000000001100000011111101100001111111111111111111111111111
001111010001111111111111111111111111000000000000000000000011100001100011111111111111111111111111
001111010000101111111111111111111001000000000000000110110000001101101111111111111111111111111111
000001010100001111111111111111111001000000000000001110110111101110001111111111111111111111111111
000000000000001111111111111111110101000000000000001110010000001111011111111111111111111111111111
000001101011011111111111111110010110000000110000011111010101000000011111111111111111111111111111
000000001011111111111111111110010001111000100000001000000001011110000001111111111111111111111111
100000000011111111111111111100110110000000000000000011011111001110111011111111111111111111111111
110011110111111111111111111000000010110000000000010111011111101110111011111111111111111111111111
100011111111111111111111111000101010000000000000010000000111000000111011111111111111111111111111
110000111111111111111111111000110000000000001000011110110110010000001011111111111111111111111111
100011111111111111111111111100010000000110001000011110000000110100100011111111111111111111111111
110011111111111111111111111100000000000110001000000000000110000100100011111111111111111111111111
111111111111111111111111111111100000000000100000000011000000111101001011111111111111111111111111
111111111111111111111111111111111110000011101100000011100000010000001011111111111111111111111111
111111111111111111111111111111111111100011100000000011101011010111011000111111111111111111111111
111111111111111111111111111111111111111111111000000001101011010111011001111111111111111111111111
111111111111111111111111111111111111111111011100000000011000000011010101111111111111111111111111
111111111111111111111111111111111111111111111100000010000011100000000111111111111111111111111111
111111111111111111111111111111111111111111111101100010111000000010110111111111111111111111111111
111111111111111111111111111111111111111111111101110110100011111010110000111111111111111111111111
111111111111111111111111111111111111111111111111100000011011000000100010111111111111111111111111
111111111111111111111111111111111111111111111111100010101000010100001011111111111111111111111111
111111111111111111111111111111111111111111111111111010000001110101000000111111111111111111111111
111111111111111111111111111111111111111111111111110010100101110100011110111111111111111111111111
111111111111111111111111111111111111111111111111111100010101110110111110111111111111111111111111
111111111111111111111111111111111111111111111111111110000001110000111110011111111111111111111111
111111111111111111111111111111111111111111111111111110111000010110110000111111111111111111111111
111111111111111111111111111111111111111111111111111110011011010000010001111111111111111111111111
111111111111111111111111111111111111111111111111111101000011000001000001111111111111111111111111
111111111111111111111111111111111111111111111111111100000111100000000000000011111111111111111111
111111111111111111111111111111111111111111111111111111000011100000000011111111111111111111111111
111111111111111111111111111111111111111111111111111111000000000000001111111111111111111111111111
111111111111111111111111111111111111111111111111111111000000000000001111111111111111111111111111
111111111111111111111111111111111111111111111111111100000001101000000000011111111111111111111111
111111111111111111111111111111111111111111111111111111110101101100001010011111111111111111111111
111111111111111111111111111111111111111111111111111111110101101110111010111111111111111111111111
111111111111111111111111111111111111111111111111111111111101101100001000111111111111111111111111
111111111111111111111111111111111111111111111111111111111101101101101011111111111111111111111111
111111111111111111111111111111111111111111111111111111111101101101101111111111111111111111111111
111111111111111111111111111111111111111111111111111111111101100000011111111111111111111111111111
111111111111111111111111111111111111111111111111111111111101101011111111111111111111111111111111
111111111111111111111111111111111111111111111111111111111100101011111111111111111111111111111111
111111111111111111111111111111111111111111111111111111111110000000111111111111111111111111111111
111111111111111111111111111111111111111111111111111111111111011111111111111111111111111111111111
111111111111111111111111111111111111111111111111111111111111001111111111111111111111111111111111
111111111111111111111111111111111111111111111111111111111111100001111111111111111111111111111111
111111111111111111111111111111111111111111111111111111111111111111111111111111111111111111111111
111111111111111111111111111111111111111111111111111111111111111111111111111111111111111111111111
111111111111111111111111111111111111111111111111111111111111111111111111111111111111111111111111
111111111111111111111111111111111111111111111111111111111111111111111111111111111111111111111111
111111111111111111111111111111111111111111111111111111111111111111111111111111111111111111111111
111111111111111111111111111111111111111111111111111111111111111111111111111111111111111111111111
111111111111111111111111111111111111111111111111111111111111111111111111111111111111111111111111
111111111111111111111111111111111111111111111111111111111111111111111111111111111111111111111111
111111111111111111111111111111111111111111111111111111111111111111111111111111111111111111111111
111111111111111111111111111111111111111111111111111111111111111111111111111111111111111111111111
111111111111111111111111111111111111111111111111111111111111111111111111111111111111111111111111
111111111111111111111111111111111111111111111111111111111111111111111111111111111111111111111111
111111111111111111111111111111111111111111111111111111111111111111111111111111111111111111111111
111111111111111111111111111111111111111111111111111111111111111111111111111111111111111111111111
111111111111111111111111111111111111111111111111111111111111111111111111111111111111111111111111
111111111111111111111111111111111111111111111111111111111111111111111111111111111111111111111111
111111111111111111111111111111111111111111111111111111111111111111111111111111111111111111111111
111111111111111111111111111111111111111111111111111111111111111111111111111111111111111111111111
111111111111111111111111111111111111111111111111111111111111111111111111111111111111111111111111
111111111111111111111111111111111111111111111111111111111111111111111111111111111111111111111111
111111111111111111111111111111111111111111111111111111111111111111111111111111111111111111111111
111111111111111111111111111111111111111111111111111111111111111111111111111111111111111111111111
111111111111111111111111111111111111111111111111111111111111111111111111111111111111111111111111
111111111111111111111111111111111111111111111111111111111111111111111111111111111111111111111111
111111111111111111111111111111111111111111111111111111111111111111111111111111111111111111111111
111111111111111111111111111111111111111111111111111111111111111111111111111111111111111111111111
111111111111111111111111111111111111111111111111111111111111111111111111111111111111111111111111
111111111111111111111111111111111111111111111111111111111111111111111111111111111111111111111111
111111111111111111111111111111111111111111111111111111111111111111111111111111111111111111111111
111111111111111111111111111111111111111111111111111111111111111111111111111111111111111111111111
111111111111111111111111111111111111111111111111111111111111111111111111111111111111111111111111
111111111111111111111111111111111111111111111111111111111111111111111111111111111111111111111111
111111111111111111111111111111111111111111111111111111111111111111111111111111111111111111111111
111111111111111111111111111111111111111111111111111111111111111111111111111111111111111111111111
