111111111111111111000000111111111111111111111111111111111000000000000000011111111111111111111111
111111111111111000000000001111111111111111111111111110000011110000011110011111111111111111111111
111111111111111100000000000000111111111111111111111100011111100000111111011111111111111111111111
111111111111111110000000011100111111111111111111111100000011101101111111011111111111111111111111
111111111111111110000000011101111111111111111111111100011011101100111111011111111111111111111111
111111111111111110000000011100000011111111111111111000011011101110010000011111111111111111111111
111111111111111110000011001100000001111111111111111000000000001100000110011111111111111111111111
111111111111111110001111101110000000011111111111111000000011100001001110011111111111111111111111
111111111111111110001111100000110101011001111111111000010011111011001110000111111111111111111111
111111111111111110111111101110110101010011111111111000010001111010000010000111111111111111111111
111111111111111110000111101110110001000110001111111010000101111000000000001111111111111111111111
111111111111111111010111001110000111011100011111111010001100011000000000001111111111111111111111
111111111111111111010111000000101111011101011111111111011110001000000000000000011111111111111111
111111111111111111010000001111101111000001011101110100011000000000000000000000011111111111111111
111111111111111111001111001111101110011101011101100000000000000000000000001100001111111111111111
111111111111111111011000001111101110111101011101100000000000000000000000001000001011111111111111
111111111111111111011010001111100000011101010000000000110000000000000000000000000011111111111111
111111111111111111011000011111101111011101000000000110110000000000000000011110000011111111111111
111111111111111111000000011100001111011101000000000110000000000000000000111110000011111111111111
111111111111111111111000111101100111011100000000000000111011000000000001111111000011111111111111
111111111111111111111000111100000000011100000000000001100011000000000001111111111111111111111111
111111111111111111111110000100000111011000001000000000001111000000000111111111111111111111111111
111111111111111111111111100001101111000000001000000011001101000000000111111111111111111111111111
111111111111111111111111111001101111100011111000000011000001000000000111111111111111111111111111
111111111111111111111111110011101111100011111110000000000000000000111111111111111111111111111111
111111111111111111111111110001101111001001111110000000000000000001111111111111111111111111111111
111111111111111111111111111011101111011100111110000000000100000001111111111111111111111111111111
111111111111111111111111100001101000011110111110000000000111000001111111111111111111111111111111
111111111111111111111111111100000011011100001000000000001111011001111111111111111111111111111111
111111111111111111111111111000011111000001100000011100011111011111111111111111111111111111111111
111111111111111111111111111000000001011111100000000100011111011111111111111111111111111111111111
111111111111111111111111111000000001011111110000000000001011111111111111111111111111111111111111
111111111111111111111111111000111000000011110000000000000000111111111111111111111111111111111111
111111111111111111111110000011111000001011110000000000000000111111111111111111111111111111111111
111111111111111111111110111011111100001011110000000000000000111111111111111111111111111111111111
111111111111111111101110111011111100000011000000000000000111111111111111111111111111111111111111
111111111111111111101110111011111000001011000000000010001111111111111111111111111111111111111111
111111111111111111100110111011100010011000000000000110001111111111111111111111111111111111111111
111111111111111111110000000000001110011100100000000111011111111111111111111111111111111111111111
111111111111111111110100000111100011011001111000000111001111111111111111111111111111111111111111
111111111111111111010100010001101011100011110000000001011111111111111111111111111111111111111111
111111111111111111010001010101001011101111111000000001011111111111111111111111111111111111111111
111111111111111111111101010000111000001000111001110000011111111111111111111111111111111111111111
111111111111110001111100011011111011101010000001110001111111111111111111111111111111111111111111
111111111111110001111101111001111011100001111111111111111111111111111111111111111111111111111111
111111111111110000111101111100011010001000111111111111111111111111111111111111111111111111111111
111111111111111000010001111111001000111100111111111111111111111111111111111111111111111111111111
111111111111111100000000000000000001111111111111111111111111111111111111111111111111111111111111
111111111111111100000000000000000001111111111111111111111111111111111111111111111111111111111111
111111111111111111110000000001111000111111111111111111111111111111111111111111111111111111111111
111111111111111111111000000001111010111111111111111111111111111111111111111111111111111111111111
111111111111111111111000000011111011111111111111111111111111111111111111111111111111111111111111
111111111111111111111100000011111011111111111111111111111111111111111111111111111111111111111111
111111111111111111111000000000111011111111111111111111111111111111111111111111111111111111111111
111111111111111111111000000110000011111111111111111111111111111111111111111111111111111111111111
111111111111111111101000001111011111111111111111111111111111111111111111111111111111111111111111
111111111111111111100000001111001111111111111111111111111111111111111111111111111111111111111111
111111111111111111111110111111101111111111111111111111111111111111111111111111111111111111111111
111111111111111111111110111111100111111111111111111111111111111111111111111111111111111111111111
111111111111111111111110011110011111111111111111111111111111111111111111111111111111111111111111
111111111111111111111101001110111111111111111111111111111111111111111111111111111111111111111111
111111111111111111111101100011111111111111111111111111111111111111111111111111111111111111111111
111111111111111111111111101111111111111111111111111111111111111111111111111111111111111111111111
111111111111111111111110001111111111111111111111111111111111111111111111111111111111111111111111
111111111111111111111111100111111111111111111111111111111111111111111111111111111111111111111111
111111111111111111111111111111111111111111111111111111111111111111111111111111111111111111111111
111111111111111111111111111111111111111111111111111111111111111111111111111111111111111111111111
111111111111111111111111111111111111111111111111111111111111111111111111111111111111111111111111
111111111111111111111111111111111111111111111111111111111111111111111111111111111111111111111111
111111111111111111111111111111111111111111111111111111111111111111111111111111111111111111111111
111111111111111111111111111111111111111111111111111111111111111111111111111111111111111111111111
111111111111111111111111111111111111111111111111111111111111111111111111111111111111111111111111
111111111111111111111111111111111111111111111111111111111111111111111111111111111111111111111111
111111111111111111111111111111111111111111111111111111111111111111111111111111111111111111111111
111111111111111111111111111111111111111111111111111111111111111111111111111111111111111111111111
111111111111111111111111111111111111111111111111111111111111111111111111111111111111111111111111
111111111111111111111111111111111111111111111111111111111111111111111111111111111111111111111111
111111111111111111111111111111111111111111111111111111111111111111111111111111111111111111111111
111111111111111111111111111111111111111111111111111111111111111111111111111111111111111111111111
111111111111111111111111111111111111111111111111111111111111111111111111111111111111111111111111
111111111111111111111111111111111111111111111111111111111111111111111111111111111111111111111111
111111111111111111111111111111111111111111111111111111111111111111111111111111111111111111111111
111111111111111111111111111111111111111111111111111111111111111111111111111111111111111111111111
111111111111111111111111111111111111111111111111111111111111111111111111111111111111111111111111
111111111111111111111111111111111111111111111111111111111111111111111111111111111111111111111111
111111111111111111111111111111111111111111111111111111111111111111111111111111111111111111111111
111111111111111111111111111111111111111111111111111111111111111111111111111111111111111111111111
111111111111111111111111111111111111111111111111111111111111111111111111111111111111111111111111
111111111111111111111111111111111111111111111111111111111111111111111111111111111111111111111111
111111111111111111111111111111111111111111111111111111111111111111111111111111111111111111111111
111111111111111111111111111111111111111111111111111111111111111111111111111111111111111111111111
111111111111111111111111111111111111111111111111111111111111111111111111111111111111111111111111
111111111111111111111111111111111111111111111111111111111111111111111111111111111111111111111111
111111111111111111111111111111111111111111111111111111111111111111111111111111111111111111111111
111111111111111111111111111111111111111111111111111111111111111111111111111111111111111111111111
111111111111111111111111111111111111111111111111111111111111111111111111111111111111111111111111
