000000000011111111111111111111111000000000000000000000000000110000000000000000000000000000000000
000000001111111111111111111111111111100000000000000000001111111111111100000000000000000000000000
000000111111111111111111111111111111111000000000000000000111111111111111100000000000000000000000
000000111111111111111111111111111111111000000000000000000011111111111111111111111111000000000000
000000111111111111111111111111111111111100000000000000000011111111111111111111111111100000000000
000000111111111111111111111111111111111100000000000000001111111111111111111111111111111000000000
000000111111111111111111111111111111111100000000000000001111111111111111111111111111111111000000
000000111111111111111111111111111111111110000000000011111111111111111111111111111111111111000000
000000000111111111111111111111111111111111000000000011111111111111111111111111111111111111000000
000000000011111111111111111111111111111111000000000011111111111111111111111111111111111111000000
000000000000111111111111111111111111111111000000000011111111111111111111111111111111111111000000
000000000000111111111111111111111110000000000000000001111111111111111111111111111111111110000000
000000000000111111111111111111110000000000000000000001111111111111111111111111111111100000000000
000000000000011111111111111000000000000000000000000111111111111111111111111111111111000000000000
000000000000000011111111110000000000000000000000000111111111111111111111111111111111000000000000
000000000000000001111111110000000000000000000000000111111111111111111111111111111100000000000000
000000000000000000011011110000000000000000000000000111111111111111111111111111111100000000000000
000000000000000000000000111000000000000000000000000111111111111111111111111111100000000000000000
000000000000000000000000000000000000000000000000001111111111111111111111111111100000000000000000
000000000000000000000000000000000000000000000000000111111111111111111111111000000000000000000000
000000000000000000000000000000000000000000000000000111111111111111111111110000000000000000000000
000000000000000000000000000000000000000000000000000011111111111111111111110000000000000000000000
000000000000000000000000000000000000000000000000000011111111111111111111110000000000000000000000
000000000000000000000000000000000000000000000000000001111111111111111110000000000000000000000000
000000000000000000000000000000000000000000000000000000001111111111111110000000000000000000000000
000000000000000000000000000000000000000000000000000000001111111111110000000000000000000000000000
000000000000000000000000000000000000000000000000000000000011111111110000000000000000000000000000
000000000000000000000000000000000000000000000000000000000000111110000000000000000000000000000000
000000000000000000000000000000000000000000000000000000000000111110000000000000000000000000000000
000000000000000000000000000000000000000000000000000000000000110000000000000000000000000000000000
000000000000000000000000000000000000000000000000000000000000000000000000000000000000000000000000
000000000000000000000000000000000000000000000000000000000000000000000000000000000000000000000000
000000000000000000000000000000000000000000000000000000000000000000000000000000000000000000000000
000000000000000000000000000000000000000000000000000000000000000000000000000000000000000000000000
000000000000000000000000000000000000000000000000000000000000000000000000000000000000000000000000
000000000000000000000000000000000000000000000000000000000000000000000000000000000000000000000000
000000000000000000000000000000000000000000000000000000000000000000000000000000000000000000000000
000000000000000000000000000000000000000000000000000000000000000000000000000000000000000000000000
000000000000000000000000000000000000000000000000000000000000000000000000000000000000000000000000
000000000000000000000000000000000000000000000000000000000000000000000000000000000000000000000000
000000000000000000000000000000000000000000000000000000000000000000000000000000000000000000000000
000000000000000000000000000000000000000000000000000000000000000000000000000000000000000000000000
000000000000000000000000000000000000000000000000000000000000000000000000000000000000000000000000
000000000000000000000000000000000000000000000000000000000000000000000000000000000000000000000000
000000000000000000000000000000000000000000000000000000000000000000000000000000000000000000000000
000000000000000000000000000000000000000000000000000000000000000000000000000000000000000000000000
000000000000000000000000000000000000000000000000000000000000000000000000000000000000000000000000
000000000000000000000000000000000000000000000000000000000000000000000000000000000000000000000000
000000000000000000000000000000000000000000000000000000000000000000000000000000000000000000000000
000000000000000000000000000000000000000011110000000000101000011110000000000000000000000000000000
000000000000000000000000000000000000000011111111111111111111111111000000000000000000000000000000
000000000000000000000000000000000000000001111111111111111111111111000000000000000000000000000000
000000000000001000000000000000000000000001111111111111111111111111000000000000000000000000000000
001001001000001010000000000000000000000001111111111111111111111111100000000000000000000000000000
111111111111111111000000000000000000000001111110001111111111111111100000000000000000000000000000
111111111111111111000000000000000000000011111110000011111111111111100000000000000000000000000000
111111111111111111000000000000000000000011111110000011111111111111110000000000000000000000000000
111111111111111110000000000000000001111111111110000011111111111111111000000000000000000000000000
111111111111111111000000000000000001111111111110000011111111111111111100000000000000000000000000
111111111111111111000000000000000001111111111110000011111111111111111100000000000000000000000000
111111111111111111000000000000000001111111111100000011111111111111111100000000000000000000000000
111111111111111111000000000000000011111111111100000011111111111111111111100000000000000000000000
111111111111111111000000000000000111111111111100000001111111111111111111111100000000000000000000
111111111111111111100000000000001111111111111100000001111111111111111111111100000000000000000000
111111111111111111100000000000011111111111111100000000011111111111111111111111100000000000000000
111111111111111111100000000000111111111111111100000000011111111111111111111111100000000000000000
111111111111111111110000000001111111111111111100000000000011111111111111111111100000000000000000
111111111111111111110000000001111111111111111100000000000001111111111111111111110000000000000000
111111111111111111110000000001111111111111111100000000000000111111111111111111111100000000000000
111111111111111111110000000001111111111111111100000000000000001111111111111111111111111000000000
111111111111111111111000001111111111111111111100000000000000001111111111111111111111111110000000
111111111111111111111110111111111111111111111100000000000000001111111111111111111111111110000000
111111111111111111111111111111111111111111111100000000000000001111111111111111111111111110000000
111111111111111111111111111111111111111111111100000000000000000011111111111111111111111110000000
111111111111111111111111111111111111111111111100000000000000000010111111111111111111111110000000
111111111111111111111111111111111111111111111100000000000000000011111111111111111111111111111000
111111111111111111111111111111111111111111111100000000000000000010111111111111111111111111111100
111111111111111111111111111111111111111111111000000000000000000011111111111111111111111111111100
111111111111111111111111111111111111111111111000000000000000000000111111111111111111111111111000
111111111111111111111111111111111111111111100000000000000000000000111111111111111111111111111100
111111111111111111111111111111111111111111000000000000000000000000111111111111111111111111111100
111111111111111111111111111111111111111111000000000000000000000000111111111111111111111111110000
011111111111111111111111111111111111111111000000000000000000000000111111111111111111111111110000
001111111111111111111111111111111111111111000000000000000000000000111111111111111111111111110000
001111111111111111111111111111111111111111000000000000000000000000011111111111111111111111111000
001111111111111111111111111111111111111111000000000000000000000000011111111111111111111111111000
000011111111111111111111111111111111111111000000000000000000000000011111111111111111111111110000
000000011111111111111111111111111111111111100000000000000000000000001111111111111111111111110000
000000111111111111111111111111111111111111000000000000000000000000001111111111111111111111110000
000000011111111111111111111111111111111111000000000000000000000000001111111111111111111111110000
000000000100011111111111111111111111111111000000000000000000000000111111111111111111111111110000
000000000000011111111111111111111111111110000000000000000000000000000011111111111111111111110000
000000000000001111111111111111111111111110000000000000000000000000000001111111111111111111110000
000000000000000001111111111111111111111111000000000000000000000000000001111111111111111111110000
000000000000000000111111111111111111111001000000000000000000000000000001111111111111111111110000
000000000000000000011111111111111111111000000000000000000000000000000000001111111111111111110000
