111111111111111111000000000000011111111111111111110000000000000000000000000111111111111111111111
111111111111110000000000000000001111111111111111100000000000000000000000000111111111111111111111
111111111111110000000000000000000000111111111111100001000000000000000000000000111111111111111111
111111111111100000000000000000000000011111111111111111100000000000000000000000111111111111111111
111111111111100000000000000000000000011111111111111111111000000000000000000001111111111111111111
111111111111110000000000000000000000001111111111111111111000000000000000000000011111111111111111
111111111111110000000000000000000000001111111111111111111000000000000000000000111111111111111111
111111111111100000000000000000000000001111111111111111111000000000000000000000011111111111111111
111111111111110000000000000000000000000111111111111111111000000000000000000000011111111111111111
111111111111110000000000000000000000000011111111111111111110000000000000000000011111111111111111
111111111111110000000000000000000000000011111111111111111111000000000000000000000111111111111111
111111111111111000000000000000000000000111111111111111111111100000000000000000000111111111111111
111111111111111000000000000000000000000111111111111111111111111100000000000000000011111111111111
111111111111111000000000000000000000001111111111111111111111111100000000000000000001111111111111
111111111111111100000000000000000000011111111111111111111111111000000000000000000011111111111111
111111111111111100000000000000000000111111111111111111111111111110000000000000000000111111111111
111111111111111100000000000000000000111111111111111111111111111110000000000000000000000011111111
111111111111111100000000000000000111111111111111111111111111111110000000000000000000000000111111
111111111111111100000000000000001111111111111111111111111111111100000000000000000000000001111111
111111111111111110000000000000011111111111111111111111111111111110000000000000000000000001111111
111111111111111111111111110000111111111111111111111111111111111110000000000000000000000000111111
111111111111111111111111111111111111111111111111111111111111111110000000000000000000000000111111
111111111111111111111111111111111111111111111111111111111111111110000000000000000000000000001111
111111111111111111111111111111111111111111111111111111111111111111100000000000000000000000001111
111111111111111111111111111111111111111111111111111111111111111111100000000000000000000000000111
111111111111111111111111111111111111111111111111111111111111111111100000000000000000000000000111
111111111111111111111111111111111111111111111111111111111111111111100000000000000000000000000011
111111111111111111111111111111111111111111111111111111111111111111111000000000000000000000000011
111111111111111111111111111111111111111111111111111111111111111111111100000000000000000000000011
111111111111111111111111111111111111111111111111111111111111111111111100000000000000000000000011
111111111111111111111111111111111111111111111111111111111111111111110000000000000000000000000001
111111111111111111111111111111111111111111111111111111111111111111110000000000000000000000000000
111111111111111111111111111111111111111111111111111111111111111111110000000000000000000000000000
111111111111111111111111111111111111111111111111111111111111111111110000000000000000000000000000
111111111111111111111111111111111111111111111111111111111111111111110000000000000000000000000000
111111111111111111111111111111111111111111111111111111111111111111110000000000000000000000000000
111111111111111111111111111111111111111111111111111111111111111111110000000000000000000000000000
111111111111111111111111111111111111111111111111111111111111111111110000000000000000000000000000
111111111111111111111111111111111111111111111111111111111111111110000000000000000000000000000000
111111111111111111111111111111111111111111111111111111111111111110000000000000000000000000000000
111111111111111111111111111111111111111111111111111111111111111110000000000000000000000000000000
111111111111111111111111111111111111111111111111111111111111111110000000000000000000000000000001
111111111111111111111111111111111111111111111111111111111111111110000000000000000000000000000101
111111111111111111111111111111111111111111111111111111111111111110000000000000000000000000011111
111111111111111111111111111111111111111111111111111111111111111110000000000000000000000000001111
111111111111111111111111111111111111111111111111111111111111111110000000000000000000000001111111
111111111111111111111111111111111111111111111111111111111111111000000000000000000000000011111111
111111111111111111111111111111111111111111111111111111111111111111111111111111000000011111111111
111111111111111111111111111111111111111111111111111111111111111111111111111111000000011111111111
111111111111111111111111111111111111111111111111111111111111111111111111110111000000000111111111
111111111111111111111111111111111111111111111111111111111111111111111111100000000000000111111111
111111111111111111111111111111111111111111111111111111111111111111111111100000000000000011111111
111111111111111111111111111111111111111111111111111111111111111111111111111100000000000011111111
111111111111111111111111111111111111111111111111111111111111111111111111111000000000000011111111
111111111111111111111111111111111111111111111111111111111111111111111111111100000000000011111111
111111111111111111111111111111111111111111111111111111111111111111111111111100000000000011111111
111111111111111111111111111111111111111111111111111111111111111111111111111100000000000011111111
111111111111111111111111111111111111111111111111111111111111111111111111111100000000000011111111
111111111111111111111111111111111111111111111111111111111111111111111111111100000010000001111111
111111111111111111111111111111111111111111111111111111111111111111111111111100111110000000111111
111111111111111111111111111111111111111111111111111111111111111111111111111111111111100001111111
111111111111111111111111111111111111111111111111111111111111111111111111111111100111110001111111
111111111111111111111111111111111111111111111111111111111111111111111111111111101100100001111111
111111111111111111111111111111111111111111111111111111111111111111111111111100111000110001111111
111111111111111111111111111111111111111111111111111111111111111111111111111111011111011001111111
111111111111111111111111111111111111111111111111111111111111111111111111111111111100011001111111
111111111111111111111111111111111111111111111111111111111111111111111111111110111111101100011111
111111111111111111111111111111111111111111111111111111111111111111111111111111111110111000000111
111111111111111111111111111111111111111111111111111111111111111111111111111011111111111100000111
111111111111111111111111111111111111111111111111111111111111111111111111111111111111101100001111
111111111111111111111111111111111111111111111111111111111111111111111111110011111100111110000011
111111111111111111111111111111111111111111111111111111111111111111111111110111111111101100000001
111111111111111111111111111111111111111111111111111111111111111111111111100101101111111000000011
111111111111111111111111111111111111111111111111111111111111111111111111110111111100011000000011
111111111111111111111111111111111111111111111111111111111111111111111111111100011100011000000011
111111111111111111111111111111111111111111111111111111111111111111111111111111110011010000000011
111111111111111111111111111111111111111111111111111111111111111111111111111111011111110000000011
111111111111111111111111111111111111111111111111111111111111111111111111111111101110100000000000
111111111111111111111111111111111111111111111111111111111111111111111111111111111111100000000000
111111111111111111111111111111111111111111111111111111111111111111111111111111111110000000000000
111111111111111111111111111111111111111111111111111111111111111111111111111111111110000000000000
111111111111111111111111111111111111111111111111111111111111111111111111111111111100000000000000
111111111111111111111111111111111111111111111111111111111111111111111111111111111110000000000000
111111111111111111111111111111111111111111111111111111111111111111111111111111111110000000000000
111111111111111111111111111111111111111111111111111111111111111111111111111111111110000000000000
111111111111111111111111111111111111111111111111111111111111111111111111111111111100000000000001
111111111111111111111111111111111111111111111111111111111111111111111111111111111100000000000001
111111111111111111111111111111111111111111111111111111111111111111111111111111111100000000000011
111111111111111111111111111111111111111111111111111111111111111111111111111111111100000001111111
111111111111111111111111111111111111111111111111111111111111111111111111111111111100000011111111
111111111111111111111111111111111111111111111111111111111111111111111111111111111100001111111111
111111111111111111111111111111111111111111111111111111111111111111111111111111111110001111111111
111111111111111111111111111111111111111111111111111111111111111111111111111111111111101111111111
111111111111111111111111111111111111111111111111111111111111111111111111111111111111111111111111
111111111111111111111111111111111111111111111111111111111111111111111111111111111111111111111111
111111111111111111111111111111111111111111111111111111111111111111111111111111111111111111111111
