111111111111111111111111111111111111111111111111111111111111111111111111111111111111111111111111
111111111111111111111111111111111111111111111111111111111111111111111111111111111111111111111111
111111111111111111111111111111111111111111111111111111111111111111111111111111111111111111111111
111111111111111111111111111111111111111111111111111111111111111111111111111111111111111111111111
111111111111111111111111111111111111111111111111111111111111111111111111111111111111111111111111
111111111111111111111111111111111111111111111111111111111111111111111111111111111111111111111111
111111111111111111111111111111111111111111111111111111111111111111111111111111111111111111111111
111111111111111111111111111111111111111111111111111111111111111111111111111111111111111111111111
111111111111111111111111111111111111111111111111111111111111111111111111111111111111111111111111
111111111111111111111111111111111111111111111111111111111111111111111111111111111111111111111111
111111111111111111111111111111111111111111111111111111111111111111111111111111111111111111111111
111111111111111111111111111111111111111111111111111111111111111111111111111111111111111111111111
111111111111111111111111111111111111111111111111111111111111111111111111111111111111111111111111
111111111111111111111111111111111111111111111111111111111111111111111111111111111111111111111101
111111111111111111111111111111111111111111111111111111111111111111111111111111111111111111111101
111111111111111111111111111111111111111111111111111111111111111111111111111111111111111111111101
111111111111111111111111111111111111111111111111111111111111111111111111111110011111111010111101
111111111111111111111111111111111111111111111111111111111111111111111111111111000000000000011101
111111111111111111111111111111111111111111111111111111111111111111111111111111001111111111011101
111111111111111111111111111111111111111111111111111111111111111111111111111111100111111111000001
111111111111111111111111111111111111111111111111111111111111111111111111111111110111111111111101
111111111111111111111111111111111111111111111111111111111111111111111111111111110111111111111101
111111111111111111111111111111111111111111111111111111111111111111111111111111110011111111111101
111111111111111111111111111111111111111111111111111111111111111111111111111111111001111111111101
111111111111111111111111111111111111111111111111111111111111111111111111111111111101111100011101
111111111111111111111111111111111111111111111111111111111111111111111111111111111101111101001101
111111111111111111111111111111111111111111111111111111111111111111111111111111111101111101100101
111111111111111111111111111111111111111111111111111111111111111111111111111111111101111101110100
111111111111111111111111111111111111111111111111111111111111111111111111111111111100000001110110
111111111111111111111111111111111111111111111111111111111111111111111111111111111111001100110110
111111111111111111111111111111111111111111111111111111111111111111111111111111111111101110110110
111111111111111111111111111111111111111111111111111111111111111111111111111111111111100110110110
111111111111111111111111111111111111111111111111111111111111111111111111111111111111110010110110
111111111011111111111111111111111111111111111111111111111111111111111111111111111111111000110110
111111111011111111111111111111111111111111111111111111111111111111111111111111111111111110000110
111111111011111111111111111111111111111111111111111111111111111111111111111111111111111110111110
111111110011111111111111111111111111111111111111111111111111111111111111111111111111111110111110
111111110111011111111111111111111111111111111111111111111111111111111111111111111111111110111110
111111100100000111111111111111111111111111111111111111111111111111111111111111111111111110111110
111111101101011111111111111111111111111111111111111111111111111111111111111111111111111110011110
111111000101011111111111111111111111111111111111111111111111111111111111111111111111111111001110
111110000000000111111111111111111111111111111111111111111111111111111111111111111111111111100110
111000000001110111111111111111111111111111111111111111111111111111111111111111111111111111110010
111000000001110111111111111111111111111111111111111111111111111111111111111111111111111111111010
111000000011111111111111111111111111111111111111111111111111111111111111111111111111111111111100
111000000001111111111111111111111111111111111111111111111111111111111111111111111111111111111111
111000000011111111111111111111111111111111111111111111111111111111111111111111111111111111111111
111000001111111111111111111111111111111111111111111111111111111111111111111111111111111111111111
111000001111111111111111111111111111111111111111111111111111111111111111111111111111111111111111
110000001110111111111111111111111111111111111111111111111111111111111111111111111111111111111111
000000000000111111111111111111111111111111111111111111111111111111111111111111111111111111111111
000000000000111111111111111111111111111111111111111111111111111111111111111111111111111111111111
000000000000000000011111111111111111111111111111111111111111111111111111111111111111111111110111
000000000000000000011111111111111111111111111111111111111111111111111111111111111111111111110011
000000000000000000011111111111111111111111111111111111111111111111111111111111111111111111111011
000000000000000000000111111111111111111111111111111111111111111111111111111111111111111111110011
000000000000000000000011111111111111111111111111111111111111111111111111111111111111111110011011
000000000000000000000000001111111111111111111111111111111111111111111111111111111111111110001001
000000000000000000000000000111111111111111111111111111111111111111111111111111111111111110001001
000000000000000000000000000111111111111111111111111111111111111111111111111111111111111100000001
000000000000000000000000000011111111111111111111111111111111111111111111111111111111100000000001
000000000000000000000000000000011111111111111111111111111111111111111111111111111111100000000000
000000000000000000000000000000011111111111111111111111111111111111111111111111111111100000011100
000000000000000000000000000000001111111111111111111111111111111111111111111111111111000000000000
000000000000000000000000000000001111111111111111111111111111111111111111111111111110000000000000
000000000000000000000000000000001111111111111111111111111111111111111111111111111110000000000000
000000000000000000000000000000001111111111111111111111111111111111111111111111111110000000000000
110000000000000000000000000000001111111111111111111111111111111111111111111111111100000000000000
110000000000000000000000000000001111111111111111111111111111111111111111111111100000000000010000
110000000000000000000000000000001111111111111111111111111111111111111111111111100000000001010000
110000000000000000000000000000001111111111111111111111111111111111111111111111100000000001100000
111000000000000000000000000000001111111111111111111111111111111111111111111111000000000000000000
100000000000000000000000000000001111111111111111111111111111111111111111111111000000000000110001
111000000000000000000000000000001111111111111111111111111111111111111111111110000001100000001001
111100000000000000000000000000001111111111111111111111111111111111111111111100000000000000000001
111100000000000000000000000000011111111111111111111111111111111111111111111100000111100000000001
111111000000000000000000000000011111111111111111111111111111111111111111111000000000001101100111
111111000000000000000000000000011111111111111111111111111111111111111111110000000011011100001111
111110000000000000000001111000111111111111111111111111111111111111111110000010000000000000011111
111110000000000000001111111111111111111111111111111111111111111111111000000110000000001100011111
111111000000000001011111111111111111111111111111111111111111111111100000001110110000001101111111
111111100000000001111111111111111111111111111111111111111110001100000000000010000001101101111111
111111100000000001111111111111111111111111111111111111110000001001000000011100000000101101111111
111111100000001111111111111111111111111111111111111111000000000011010000000100000000001101111111
111111100000011111111111111111111111111111111111111111000000000011000110000000000000000001111111
111111100000011111111111111111111111111111111111111111000000000010010100000000000001001111111111
111111110110111111111111111111111111111111111111111111000000000000110000100000000101101111111111
111111111111111111111111111111111111111111111111111111000000000000000000000000011101101111111111
111111111111111111111111111111111111111111111111111111000000010001101100000000000101001111111111
111111111111111111111111111111111111111111111111111100000000110011101100000001000000011111111111
111111111111111111111111111111111111111111111111111100000000010000001110000011000000011111111111
111111111111111111111111111111111111111111111111111101110000000001100000000011110000011111111111
111111111111111111111111111111111111111111111111111100000000100000100000000011110000011111111111
111111111111111111111111111111111111111111111111111100000000110000000000000000000000111111111111
111111111111111111111111111111111111111111111111111110011110000000000000000000010001111111111111
111111111111111111111111111111111111111111111111111111111111111100000000000000111111111111111111
