111111111111111111111111111111111111111111111111111111111100000000000000000000000000000000001111
111111111111111111111111111111111111111111111111111111111101111111111110101111110111111101101111
111111111111111111111111111111111111111111111111111111111100001111111110101111110111111101100001
111111111111111111111111111111111111111111111111111111111110101111111110100111110111111101110111
111111111111111111111111111111111111111111111111111111111110100111111000010110000111111101110111
111111111111111111111111111111111111111111111111111111111111110011100011100100110111111101110111
111111111111111111111111111111111111111111111111111111111111111000001000110101110000001101110111
111111111111111111111111111111111111111111111111111111111111111011011010010001111101100000000111
111111111111111111111111111111111111111111111111111111111111111000011011011101111101000000110111
111111111111111111111111111111111111111111111111111111111111101011111000000001111100000110100111
111111111111111111111111111111111111111111111111111111111111101011111111111101110000001110101011
111111111111111111111111111111111111111111111111111111111111100011111100000011111000100000101011
111111111111111111111111111111111111111111111111111111111111111011111110111111111111111111100011
111111111111111111111111111111111111111111111111111111111111111000000000111111111111111111111001
111111111111111111111111111111111111111111111111111111111111111100111110000111111111111000111101
111111111111111111111111111111111111111111111111111111111111111111111111111111111111111010111101
111111111111111111111111111111111111111111111111111111111111111111111111111111110000000010111101
111111111111111111111111111111111111111111111111111111111111111111111111111111000000000000011101
111111111111111111111111111111111111111111111111111111111111111111111111111111001111111111011101
111111111111111111111111111111111111111111111111111111111111111111111111111111100111111111000001
111111111111111111111111111111111111111111111111111111111111111111111111111111110111111111111101
111111111111111111111111111111111111111111111111111111111111111111111111111111110111111111111101
111111111111111111111111111111111111111111111111111111111111111111111111111111110011111111111101
111111111111111111111111111111111111111111111111111111111111111111111111111111111001111111111101
111111111111111111111111111111111111111111111111111111111111111111111111111111111101111100011101
111111111111111111111111111111111111111111111111111111111111111111111111111111111101111101001101
111111111111111111111111111111111111111111111111111111111111111111111111111111111101111101100101
111111111111111111111111111111111111111111111111111111111111111111111111111111111101111101110100
111111111111111111111111111111111111111111111111111111111111111111111111111111111100000001110110
111111111100111111111111111111111111111111111111111111111111111111111111111111111111001100110110
111111111100111111111111111111111111111111111111111111111111111111111111111111111111101110110110
111111111000111111111111111111111111111111111111111111111111111111111111111111111111100110110110
111111111001011111111111111111111111111111111111111111111111111111111111111111111111110010110110
111111111011100000111111111111111111111111111111111111111111111111111111111111111111111000110110
111111111011111000111111111111111111111111111111111111111111111111111111111111111111111110000110
111111111011000001001111111111111111111111111111111111111111111111111111111111111111111110111110
111111110011011011101111111111111111111111111111111111111111111111111111111111111111111110111110
111111110111010001111111111111111111111111111111111111111111111111111111111111111111111110111110
111111100100000101111111111111111111111111111111111111111111111111111111111111111111111110111110
111111101101011100111111111111111111111111111111111111111111111111111111111111111111111110011110
111111000101011001111111111111111111111111111111111111111111111111111111111111111111111111001110
100000000000000111111111111111111111111111111111111111111111111111111111111111111111111111100110
110000000001110111111111111111111111111111111111111111111111111111111111111111111111111111110010
110000000001110111111111111111111111111111111111111111111111111111111111111111111111111111111010
111000000011111111111111111111111111111111111111111111111111111111111111111111111111111111111000
111000000001111111111111111111111111111111111111111111111111111111111111111111111111111111111011
111000000011111111111111111111111111111111111111111111111111111111111111111111111111111111111111
111000001111111111111111111111111111111111111111111111111111111111111111111111111111111111111111
111000001111111111111111111111111111111111111111111111111111111111111111111111111111111111111111
110000001110111111111111111111111111111111111111111111111111111111111111111111111111111111111111
000000000000111111111111111111111111111111111111111111111111111111111111111111111111111111111111
000000000000111111111111111111111111111111111111111111111111111111111111111111111111111111111111
000000000000000000011111111111111111111111111111111111111111111111111111111111111111111111110111
000000000000000000011111111111111111111111111111111111111111111111111111111111111111111000000011
000000000000000000011111111111111111111111111111111111111111111111111111111111111111111000001011
000000000000000000000111111111111111111111111111111111111111111111111111111111111111111000000011
000000000000000000000011111111111111111111111111111111111111111111111111111111111111111100011011
000000000000000000000000001111111111111111111111111111111111111111111111111111111111111100001001
000000000000000000000000000111111111111111111111111111111111111111111111111111111111111100001001
000000000000000000000000000111111111111111111111111111111111111111111111111111111111111100000001
000000000000000000000000000011111111111111111111111111111111111111111111111111111111100000000001
000000000000000000000000000000010111111111111111111111111111111111111111111111111111100000000000
000000000000000000000000000000000000001111111111111111111111111111111111111111111111100000011100
000000000000000000000000000000000000011111111111111111111111111111111111111111111111000000000000
000000000000000000000000000000000000011111111111111111111111111111111111111111111110000000000000
000000000000000000000000000000000000011111111111111111111111111111111111111111111110000000000000
000000000000000000000000000000000000000000011111111111111111111111111111111111111110000000000000
110000000000000000000000000000000000000000011111111111111111111111111111111111111100000000000000
110000000000000000000000000000000000000000011111111111111111111111111111111111100000000000010000
110000000000000000000000000000000000000000001111111111111111111111111111111111100000000001010000
110000000000000000000000000000000000000000001111111111111111111111111111111111100000000001100000
111000000000000000000000000000000000000000001111111111111111111111111111111111000000000000000000
100000000000000000000000000000000000000000001111111111111111111111111111111111000000000000110001
111000000000000000000000000000000000000000001111111111111111111111111111111110000001100000001001
111100000000000000000000000000000000000000001111111111111111111111111111111100000000000000000001
111100000000000000000000000000000000000011111111111111111111111111111111111100000111100000000001
111111000000000000000000000000000000000011111111111111111111111111111111111000000000001101100111
111111000000000000000000000000000000011111111111111111111111111111111111110000000011011100001111
111110000000000000000000000000000000011111111111111111111111111111111110000010000000000000011111
111110000000000000000000000000000000011111111111111111111111111111111000000110000000001100011111
111111000000000000000000000000000001111111111111111111111111111111100000001110110000001101111111
111111100000000000000000000000000000011111111111111111111110001100000000000010000001101101111111
111111100000000000000000000000000000011111111111111111110000001001000000011100000000101101111111
111111100000000000000000000000000000001111111111111111000000000011010000000100000000001101111111
111111100000000000000000000000000000000111111111111111000000000011000110000000000000000001111111
111111100000000000000000000000000000000111111111111111000000000010010100000000000001001111111111
111111110110000000000000000000000000000011111111111111000000000000110000100000000101101111111111
111111111111000000000000000000000000000001111111111111000000000000000000000000011101101111111111
111111111111000000000000000000000000000001111111111111000000010001101100000000000101001111111111
111111111111110000000000000000000000000011111111111100000000110011101100000001000000011111111111
111111111111111000000000000000000000000011111111110000000000010000001110000011000000011111111111
111111111111111000000000000000000000000011111111110001110000000001100000000011110000011111111111
111111111111111100000000000000000000000011111111110000000000100000100000000011110000011111111111
111111111111111100000000000000000000000011111111100000000000110000000000000000000000111111111111
111111111111111100000000000000000000000011111111111110011110000000000000000000010001111111111111
111111111111111100000000000000000111111111111111111111111111111100000000000000111111111111111111
