111111111111111111111111111111111111111111111111111111111111111111111111111111111111111111111111
111111111111111111111111111111111111111111111111111111111111111111111111111111111111111111111111
111111111111111111111111111111111111111111111111111111111111111111111111111111111111111111111111
111111111111111111111111111111111111111111111111111111111111111111111111111111111111111111111111
111111111111111111111111111111111111111111111111111111111111111111111111111111111111111111111111
111111111111111111111111111111111111111111111111111111111111111111111111111111111111111111111111
111111111111111111111111111111111111111111111111111111111111111111111111111111111111111111111111
111111111111111111111111111111111111111111111111111111111111111111111111111111111111111111111111
111111111111111111111111111111111111111111111111111111111111111111111111111111111111111111111111
111111111111111111111111111111111111111111111111111111111111111111111111111111111111111111111111
111111111111111111111111111111111111111111111111111111111111111111111111111111111111111111111111
111111111111111111111111111111111111111111111111111111111111111111111111111111111111111111111111
111111111111111111111111111111111111111111111111111111111111111111111111111111111111111111111111
111111111111111111111111111111111111111111111111111111111111111111111111111111111111111111111111
111111111111111111111111111111111111111111111111111111111111111111111111111111111111111111111111
111111111111111111111111111111111111111111111111111111111111111111111111111111111111111111111111
111111111111111111111111111111111111111111111111111111111111111111111111111111111111111111111111
111111111111111111111111111111111111111111111111111111111111111111111111111111111111111111111111
111111111111111111111111111111111111111111111111111111111111111111111111111111111111111111111111
111111111111111111111111111111111111111111111111111111111111111111111111111111111111111111111111
111111111111111111111111111111111111111111111111111111111111111111111111111111111111111111111111
111111111111111111111111111111111111111111111111111111111111111111111111111111111111111111111111
111111111111111111111111111111111111111111111111111111111111111111111111111111111111111111111111
111111111111111111111111111111111111111111111111111111111111111111111111111111111111111111111111
111111111111111111111111111111111111111111111111111111111111111111111111111111111111111111111111
111111111111111111111111111111111111111111111111111111111111111111111111111111111111111111111111
111111111111111111111111111111111111111111111111111111111111111111111111111111111111111111111111
111111111111111111111111111111111111111111111111111111111111111111111111111111111111111111111111
111111111111111111111111111111111111111111111111111111111111111111111111111111111111111111111111
111111111111111111111111111111111111111111111111111111111111111111111111111111111111111111111111
111111111111111111111111111111111111111111111111111111111111111111111111111111111111111111111111
111111111111111111111111111111111111111111111111111111111111111111111111111111111111111111111111
111111111111111111111111111111111111111111111111111111111111111111111111111111111111111111111111
111111111111111111111111111111111111111111111111111111111111111111111111111111111111111111111111
111111111111111111111111111111111111111111111111111111111111111111111111111111111111111111111111
111111111111111111111111111111111111111111111111111111111111111111111111111111111111111111111111
111111111111111111111111111111111111111111111111111111111111111111111111111111111111111111111111
111111111111111111111111111111111111111111111111111111111111111111111111111111111111111111111111
111111111111111111111111111111111111111111111111111111111111111111111111111111111111111111111111
111111111111111111111111111111111111111111111111111111111111111111111111111111111111111111111111
111111111111111111111111111111111111111111111111111111111111111111111111111111111111111111111111
111111111111111111111111111111111111111111111111111111111111111111111111111111111111111111111111
111111111111111111111111111111111111111111111111111111111111111111111111111111111111111111111111
111111111111111111111111111111111111111100000011111111111111111111111111111111111111111111111111
000001100000001100001111100001100000000000000000011111111111111111111111111111111111111111111111
000000000000000000000000000000000000000000000000000011111111111111111111111111111111111111111111
000000000000000000000000000000000000000000000000000001111111111111111111111111111111111111111111
000000000000000000000000000000000000000000000000000000000011111111111111111111111111111111111111
000000000000000000000000000000000000000000000000000000000011111111111111111111111111111111111111
000000000000000000000000000000000000000000000000000000000011111111111111111111111111111111111111
000000000000000000000000000000000000000000000000000000000011111111111111111111111111111111111111
000000000000000000000000000000000000000000000000000000000111111111111111111111111111111111111111
000000000000000000000000000000000000000000000000000000011111111111111111111111111111111111111111
000000000000000000000000000000000000000000000000000000011111111111111111111111111111111111111111
000000000000000000000000000000000000000000000000000000011111111111111111111111111111111111111111
000000000000000000000000000000000000000000000000000001111111111111111111111111111111111111111111
000000000000000000000000000000000000000000000000000000111111111111111111111111111111111111111111
000000000000000000000000000000000000000000000000000000111111111111111111111111111111111111111111
000000000000000000000000000000000000000000000000000000111111111111111111111111111111111111111111
000000000000000000000000000000000000000000000000000000111111111111111111111111111111111111111111
000000000000000000000000000000000000000000000000000000111111111111111111111111111111111111111111
000000000000000000000000000000000000000000000000000000111111111111111111111111111111111111111111
000000000000000000000000000000000000000000000000000000111111111111111111111111111111111111111111
000000000000000000000000000000000000000000000000000000111111111111111111111111111111111111111111
000000000000000000000000000000000000000000000000000000111111111111111111111111111111111111111111
000000000000000000000000000000000000000000000000000001111111111111111111111111111111111111111111
000000000000000000000000000000000000000000000000000001111111111111111111111111111111111111111111
000000000000000000000000000000000000000000000000000001111111111111111111111111111111111111111111
000000000000000000000000000000000000000000000000000001111111111111111111111111111111111111111111
000000000000000000000000000000000000000000000000000011111111111111111111111111111111111111111111
000000000000000000000000000000000000000000000000000011111111111111111111111111111111111111111111
000000000000000000000000000000000000000000000000000011111111111111111111111111111111111111111111
000000000000000000000000000000000000000000000000000011111111111111111111111111111111111111111111
000000000000000000000000000000000000000000000000000011111111111111111111111111111111111111111111
000000000000000000000000000000000000000000000000000011111111111111111111111111111111111111111111
000000000000000000000000000000000000000000000000000011111111111111111111111111111111111111111111
000000000000000000000000000000000000000000000000000000111111111111111111111111111111111111111111
000000000000000000000000000000000000000000000000000001111111111111111111111111111111111111111111
000000000000000000000000000000000000000000000000000001111111111111111111111111111111111111111111
000000000000000000000000000000000000000000000000000000111111111111111111111111111111111111111111
000000000000000000000000000000000000000000000000000001111111111111111111111111111111111111111111
000000000000000000000000000000000000000000000000000000111111111111111111111111111111111111111111
000000000000000000000000000000000000000000000000000000111111111111111111111111111111111111111111
000000000000000000000000000000000000000000000000000000111111111111111111111111111111111111111111
000000000000000000000000000000000000000000000000000001111111111111111111111111111111111111111111
000000000000000000000000000000000000000000000000000001111111111111111111111111111111111111111111
000000000000000000000000000000000000000000000000000001111111111111111111111111111111111111111111
000000000000000000000000000000000000000000000000000001111111111111111111111111111111111111111111
000000000000000000000000000000000000000000000000000001111111111111111111111111111111111111111111
000000000000000000000000000000000000000000000000000001111111111111111111111111111111111111111111
000000000000000000000000000000000000000000000000000000011111111111111111111111111111111111111111
000000000000000000000000000000000000000000000000000000001111111111111111111111111111111111111111
000000000000000000000000000000000000000000000000000000001111111111111111111111111111111111111111
000000000000000000000000000000000000000000000000000000001111111111111111111111111111111111111111
000000000000000000000000000000000000000000000000000000000011111111111111111111111111111111111111
000000000000000000000000000000000000000000000000000000000011111111111111111111111111111111111111
