111111111111111111111111111111111111111111111111111111111111111111111111111111111111111111111111
100111111111111111111111111111111111111111111111111111111111111111111111111111111111111111111111
100101111111111111111111111111111111111111111111111111111111111111111111111111111111111111111111
000111111111111111111111111111111111111111111111111111111111111111111111111111111111111111111111
000110111111111111111111111111111111111111111111111111111111111111111111111111111111111111111111
001110011111111111111111111111111111111111111111111111111111111111111111111111111111111111111111
001110001111111111111111111111111111111111111111111111111111111111111111111111111111111111111111
001111101111111111111111111111111111111111111111111111111111111111111111111111111111111111111111
001101001111111111111111111111111111111111111111111111111111111111111111111111111111111111111111
000000001111111111111111111111111111111100111111111111111111111111111111111111111111111111111111
000011100111111111111111111111111111111000001111111111111111111111111111111111111111111111111111
000000110111111111111111111111111111111000000111100011111111111111111111111111111111111111111111
000110110111111111111111111111111111111000000011101000011111110111111111111111111111111111111111
001110110111111111111111111111111111111000000001101111000000000111111111111111111111111111111111
000110110011111111111111111111111111111000000000001111111111110011000001111111111111111111111111
000010111000011111111111111111111111110000100000011111111111110000010100011101111111111111111111
000111010000011100011110000011111111000000110000000000111111110111110111111101111111111111111111
000111000000000000000000000000001111011111110000011110000110000111110001101100111111111111111111
001111000000000000000000000111101111110001110000011111110000110111110101101110111111111111111111
000010000100000000000010000111111111100100000000011111111011100001100101100110011111111111111111
000000011100000000011111000011110101001100010000011111111011101101101111110000001111111111111111
000001111101000000011111110001110000000000110000000000110001000001101111111011101111111111111111
000011110001100011011111111000000000000001111111111010000101011100000111111010001111111111111111
000001110111100111011111110000000000000000111111111100111101011101110000111010100111111111111111
000011100110000111011111100000000100000011111111111111111100011000111010000010110011111111111111
000000101110000000001100000000011100001111111111111111111111000010000001110000000011111111111111
000000001100011111100001110000000001111111111111111111111111111111101101100111111011111111111111
000000100000011111110001110000001111111111111111111111111111111111101100001111111011111111111111
000110111000001111110011110000001111111111111111111111111111111111101101101110000011111111111111
000111111000000011000011110000001111111111111111111111111111111111110001100000110000111111111111
000011110000000000000011110110001111111111111111111111111111111111111011101011110110011111111111
000111110000000000000000000111111111111111111111111111111111111111111000001011110111011111111111
000000110001000000000001111111111111111111111111111111111111111111111101100111110111001111111111
000000000111100000000011111111111111111111111111111111111111111111111100001111110111000111111111
000111000111111000000011111111111111111111111111111111111111111111111111111111100000010011111111
000000000111000001000111111111111111111111111111111111111111111111111111111101011101110011111111
000000001111011011101111111111111111111111111111111111111111111111111111111101011101110011111111
000000001111110001111111111111111111111111111111111111111111111111111111111100000001110011111111
100000011111111101111111111111111111111111111111111111111111111111111111111111111100000011111111
100000011111111111111111111111111111111111111111111111111111111111111111111111111101110011111111
100000111111111111111111111111111111111111111111111111111111111111111111111111111101100011111111
100000111111111111111111111111111111111111111111111111111111111111111111111111111101100011111111
110000011111111111111111111111111111111111111111111111111111111111111111111111111101100001111111
110000011111111111111111111111111111111111111111111111111111111111111111111111111100000001111111
111111111111111111111111111111111111111111111111111111111111111111111111111111111111100001111111
111111111111111111111111111111111111111111111111111111111111111111111111111111111111111001111111
111111111111111111111111111111111111111111111111111111111111111111111111111111111111111011111111
111111111111111111111111111111111111111111111111111111111111111111111111111111111111100011111111
111111111111111111111111111111111111111111111111111111111111111111111111111111111111100011111111
110111111111111111111111111111111111111111111111111111111111111111111111111111111111100000011111
000111111111111111111111111111111111111111111111111111111111111111111111111111111111000000001111
000011111111111111111111111111111111111111111111111111111111111111111111111111111100000000001111
000011111111111111111111111111111111111111111111111111111111111111111111111111111110000000000111
000011111111111111111111111111111111111111111111111111111111111111111111111111111110000000000111
000001111111111111111111111111111111111111111111111111111111111111111111111111110000000000001111
000000011111111111111111111111111111111111111111111111111111111111111111111111010000000000001111
000000001111111111111111111111111111111111111111111111111111111111111111111111000000000001111111
000000000111111111111111111111111111111111111111111111111111111111111111111111000000000001111111
000000000111111111111111111111111111111111111111111111111111111111111111111111100000000001111111
000000000111111111111111111111111111111111111111111111111111111111111111111111100000000011111111
000000000111111111111111111111111111111111111111111111111111111111111111111111101100011111111111
000000000000111111111111111111111111111111111111111111111111111111111111111111111100011111111111
000000000000011111111111111111111111111111111111111111111111111111111111111111111110011111111111
000100000000001111111111111111111111111111111111111111111111111111111111111111110000111111111111
000000000000001111111111111111111111111111111111111111111111111111111111111111111101111111111111
000000000000001111111111111111111111111111111111111111111111111111111111111111111101111111111111
000000000000000111111111111111111111111111111111111111111111111111111111111111111001111111111111
110000000000000011111111111111111111111111111111111111111111111111111111111111100011111111111111
110000000000000011111111111111111111111111111111111111111111111111111111111111111111111111111111
110000000010000000111111111111111111111111111111111111111111111111111111111111111111111111111111
110000000000000000111111111111111111111111111111111111111111111111111111111111111111111111111111
111000000000000000000111111111111111111111111111111111111111111111111111111111111111111111111111
100000000000000000000111111111111111111111111111111111111111111111111111111111111111111111111111
111000000000000000000111111111111111111111111111111111111111111111111111111111111111111111111111
111100000000000000000111111111111111111111111111111111111111111111111111111111111111111111111111
111100000000000000000001111111111111111111111111111111111111111111111111111111111111111111111111
111111000000000000000000111111111111111111111111111111111111111111111111111111111111111111111111
111111000000000000000000111111111111111111111111111111111111111111111111111111111111111111111111
111110000000000000000000000111111111111111111111111111111111111111111110011111111111111111111111
111110000000000000000000000000000111111111111111111111111111111111111000011111111111111111111111
111111000000000001000000000010000001111111111111111111111111111111100000111111111111111111111111
111111100000000000000000000000000000011111111111111111111111111100000000111111111111111111111111
111111100000000000000000000000000001011111111111111111111111111001000000111111111111111111111111
111111100000000000000000000000000000001111111111111111111111111011010000111111111111111111111111
111111100000000000000000000000000000000111111111111111111111111011000110001111111111111111111111
111111100000000000000000000000000000000111111111111111111111111000010100001111111111111111111111
111111110110000000000000000000000000000011111111111111111111111000110000100011111111111111111111
111111111111000000000000000000000011100001111111111111111111111100000000000000011111111111111111
111111111111000000000000000000000011100001111111111111111111111001101100000000001111001111111111
111111111111110000000000000000000011100011111111111111111111111011101101000001000000011111111111
111111111111111000000000000000000000000011111111111111111111111000001111100011000000011111111111
111111111111111000000000000000000000000011111111111111111111111101111111110011110000011111111111
111111111111111100000000000000000000000111111111111111111111111111111111110011110000011111111111
111111111111111100000000000000000000001111111111111111111111111111111111110000000000111111111111
111111111111111100000000000000000000001111111111111111111111110011111111100000010001111111111111
111111111111111100000000000000000111111111111111111111111111111101110111000000111111111111111111
