111111111111111111111111111111111111111111111111111111111111111111111111111111111111111111111111
111111111111111111111111111111111111111111111111111111111111111111111111111111111111111111111111
111111111111111111111111111111111111111111111111111111111111111111111111111111111111111111111111
110111111111111111111111111111111111111111111111111111111111111111111111111111111111111111111111
000111111111111111111111111111111111111111110000011111111111111111111111111111111111111111111111
000011111111111111111111111111111111111111100000011111111111111111111111111111111111111111111111
000001111111111111111111111111111111111111100000000011111111111111111111111111111111111111111111
000001111111111111111111111111111111111111100000000000111111111111111111111111111111111111111111
000001111111111111111111111111111111111111100000000000010111111111111111111111111111111111111111
000001111111111111111111111111111111111111000000000000000001111111111111111111111111111111111111
000001111111111111111111111111111111111110000000000000000000111111111111111111111111111111111111
000000000000000111111111111111111111111110000000000000000000011111111111111111111111111111111111
000000000000000111111111111111111111111110000000000000000000000011111111111111111111111111111111
000000000000000111111111111111111111110000000000000000000000000011111111111111111111111111111111
000000000000000011111111111111111111100000000000000000000000000111111111111111111111111111111111
000000000000000011111111111111111111000000000000000000000000000001111111111111111111111111111111
000000000000000011111111111111111111000000000000000000000000000001111111111111111111111111111111
000000000000000011111111111111111000000000000000000000000000000001111111111111111111111111111111
000000000000000011111111111111110000000000000000000000000000000011111111111111111111111111111111
000000000000000001111111111111100000000000000000000000000000000001111111111111111111111111111111
000000000000000000000000001111000000000000000000000000000000000001111111111111111111111111111111
000000000000000000000000000000000000000000000000000000000000000001111111111111111111111111111111
000000000000000000000000000000000000000000000000000000000000000001111111111111111111111111111111
000000000000000000000000000000000000000000000000000000000000000000011111111111111111111111111111
000000000000000000000000000000000000000000000000000000000000000000011111111111111111111111111111
000000000000000000000000000000000000000000000000000000000000000000011111111111111111111111111111
000000000000000000000000000000000000000000000000000000000000000000011111111111111111111111111111
000000000000000000000000000000000000000000000000000000000000000000000111111111111111111111111111
000000000000000000000000000000000000000000000000000000000000000000000011111111111111111111111111
000000000000000000000000000000000000000000000000000000000000000000000011111111111111111111111111
000000000000000000000000000000000000000000000000000000000000000000001111111111111111111111111111
000000000000000000000000000000000000000000000000000000000000000000001111111111111111111111111111
110000000000000000000000000000000000000000000000000000000000000000001111111111111111111111111111
111000000000000000000000000000000000000000000000000000000000000000001111111111111111111111111111
110011110100000000000000000000000000000000000000000000000000000000001111111111111111111111111111
111011111110000000000000000000000000000000000000000000000000000000001111111111111111111111111111
111111111111010000000000000000000000000000000000000000000000000000001111111111111111111111111111
111111111111111100000000000000000000000000000000000000000000000000001111111111111111111111111111
111111111111111100000000000000000000000000000000000000000000000001111111111111111111111111111111
111111111111111111000000000000000000000000000000000000000000000001111111111111111111111111111111
111111111111111111000000000000000000000000000000000000000000000001111111111111111111111111111111
111111111111111111000000000000000000000000000000000000000000000001111111111111111111111111111111
111111111111111111000000000000000000000000000000000000000000000001111111111111111111111111111111
111111111111111111100000000000000000000000000000000000000000000001111111111111111111111111111111
111111111111111111100000000000000000000000000000000000000000000001111111111111111111111111111111
111111111111111111110000000000000000000000000000000000000000000001111111111111111111111111111111
111111111111111111110000000000000000000011010111111000000000000111111111111111111111111111111111
111111111111111111110000000000000000000111111111111111111111111111111111111111111111111111111111
111111111111111111110000000000000000000111111111111111111111111111111111111111111111111111111111
111111111111111110000000000000000000000111111111111111111111111111111111111111111111111111111111
111111111111111110100000000000000000000111111111111111111111111111111111111111111111111111111111
111111111111111111000000000000000000000111111111111111111111111111111111111111111111111111111111
111111111111111100000000000000000000000111111111111111111111111111111111111111111111111111111111
111111111111111000000000000000000000000111111111111111111111111111111111111111111111111111111111
111111111111111000000000000000000000000111111111111111111111111111111011111111111111111111111111
111111111111100000000000000000000000000111111111111111111111111111100001111111111111111111111111
111111111110000000000000000000000000000111111111111111111111111111110001111111111111111111111111
111111111111000000000000000000000000000111111111111111111111111111100000111111111111111111111111
111111111111000000000000000000000000000011111111111111111111111110000000111111111111111111111111
111111111111100000000000000000000000000011111111111111111111111100000000111111111111111111111111
111111111111111000000000000000000000000001111111111111111111111110000011101100111111111111111111
111111111111111110000000000000000000000001111111111111111111111100000010010100111111111111111111
111111111111111110000000000000000000000000011111111111111110110000001110011011011111111111111111
111111111111111110000000000000000000000001111111111111111110000000000010101100111111111111111111
111111111111111110000000000000000000000001111111111111111110000000000010101110111111111111111111
111111111111111110000000000000000000000001111111111111111110000000000110111011101110111111111111
111111111111111110000000000000000000000011111111111111111110000000000011110100111010111111111111
111111111111111111100000000000000000000011111111111111111100000000000011011110001111111111111111
111111111111111111100000000000000000000011111111111111111100000000000111111011010010011111111111
111111111111111111111100000000000000000111111111111111110000000000000001110011110111011111111111
111111111111111111111100001100000000000111111111111111110000000000000111111110111111101111111111
111111111111111111111100101100000000111111111111111111100000000000000011110111101100111111111111
111111111111111111111100111111111111111111111111111111100000000000000010111011000001011111111111
111111111111111111111110011111111111111111111111111111100000000000000011111001110000111111111111
111111111111111111110000001111111111111111111111111111100000000000000010101011100111111111111111
111111111111111111100000000001111111111111111111111111000000000000000011111000101111111111111111
111111111111111110000000000000111111111111111111111111000000000000000011111111111111111111111111
111111111111111110000000000000000000011111111111111111000000000000000001111111111111111111111111
111111111111111100000000000000000000011111111111111101110000000000001111111111111111111111111111
111111111111111100000000000000000000000001111111111000000000000000001111111111111111111111111111
111111111111111100000000000000000000000001111111111000000000000000011111111111111111111111111111
111111111111110000000000000000000000000001111111111000000000000001111111111111111111111111111111
111111111110000000000000000000000000000000111111111110000000000001111111111111111111111111111111
111111111110000000000000000000000000000000111111111111000000000001111111111111111111111111111111
111111111110000000000000000000000000000000111111111111000000000000111111111111111111111111111111
111111110000000000000000000000000000000000111111111111110000000000111111111111111111111111111111
100000000000000000000000000000000000000001111111111111111000011111111111111111111111111111111111
111000000000000000000000000000000000000001111111111111111111111111111111111111111111111111111111
111000000000000000000000000000000000000111111111111111111111111111111111111111111111111111111111
111100000000000000000000000000000000111111111111111111111111111111111111111111111111111111111111
111100100000000000000000000000000000111111111111111111111111111111111111111111111111111111111111
111110000000000000000000000000000000111111111111111111111111111111111111111111111111111111111111
111111110000000000000000000000000001111111111111111111111111111111111111111111111111111111111111
111111110000000000000000000000000011111111111111111111111111111111111111111111111111111111111111
111111110000000000000000000000011111111111111111111111111111111111111111111111111111111111111111
111111110000000000000000000000111111111111111111111111111111111111111111111111111111111111111111
