111111111111111111111111111111111111111111111111111111111111111111111110011111111111111111111111
111111111111111111111111111111111111111111111111111111111111111111111110011111111111111111111111
111111111111111111111111111111111111111111111111111111111111111111111000011111111111111111111111
111111111111111111111111111111111111111111111111111111111111111111110111000111111111111111111111
111111111111111111111111111111111111111111111111111111111111111111111100001111111111111111111111
111111111111111111111111111111111111111111111111111111111111111111111111100000011111111111111111
111111111111111111111111111111111111111111111111111111111111111111111111100110000111111111111111
111111111111111111111111111111111111111111111111111111111111111111111110001010110111111111111111
111111111111111111111111111111111111111111111111111111111111111111111111100001111011111111111111
111111111111111111111111111111111111111111111111111111111111111111111111110111111011111111111111
111110111111111111111111111111111111111111111111111111111111111111111110010000111111111111111111
111110011111111111111111111111111111111111111111111111111111111111111111010111111111111111111111
110000001111111111111111111111111111111111111111111111111111111111111111111111111111111111111111
000000000111111111111111111111111111111111111111111111111111111111111111111111111111111111111111
000001010111111111111111111111111111111111111111111111111111111111111111111111111111111111111111
000101001111111111111111111111111111111111111111111111111111111111111111111111111111111111111111
000001010001111111111111111111111111111111111111111111111111111111111111111111111111111111111111
000001010000101111111111111111111111111111111111111111111111111111111111111111111111111111111111
000001010100001111111111111111111111111111111111111111111111111111111111111111111111111111111111
000000000000001111111111111111111111111111111111111111111111111111111111111111111111111111111111
000001101011001111100110111111111111111111111111111111111111111111111111111111111111111111111111
000000001011001101110000011111111111111111111111111111111111111111111111111111111111111111111111
100000000010000000000111001111111111111111111111111111111111111111111111111111111111111111111111
110011110110110000001100000111111111111111111111111111111111111111111111111111111111111111111111
100011110010000111000000000111111111111111111111111111111111111111111111111111111111111111111111
110001111000000011001100000111111111111111111111111111111111111111111111111111111111111111111111
100011111100111011000000000011111111111111111111111111111111111111111111111111111111111111111111
110001101000011000000000001111111111111111111111111111111111111111111111111111111111111111111111
111101100011000000011011111111111111111111111111111111111111111111111111111111111111111111111111
111100001111100100011011111111111111111111111111111111111111111111111111111111111111111111111111
111111100110000000000011111111111111111111111111111111111111111111111111111111111111111111111111
111111110000100111101111111111111111111111111111111111111111111111111111111111111111111111111111
111111111101101111111111111111111111111111111111111111111111111111111111111111111111111111111111
111111111111101111111111111111111111111111111111111111111111111111111111111111111111111111111111
111111111111111111111111111111111111111111111111111111111111111111111111111111111111111111111111
111111111111111111111111111111111111111111111111111111111111111111111111111111111111111111111111
111111111111111111111111111111111111111111111111111111111111111111111111111111111111111111111111
111111111111111111111111111111111111111111111111111111111111111111111111111111111111111111111111
111111111111111111111111111111111111111111111111111111111111111111111111111111111111111111111111
111111111111111111111111111111111111111111111111111111111111111111111111111111111111111111111111
111111111111111111111111111111111111111111111111111111111111111111111111111111111111111111111111
111111111111111111111111111111111111111111111111111111111111111111111111111111111111111111111111
111111111111111111111111111111111111111111111111111111111111111111111111111111111111111111111111
111111111111111111111111111111111111111111111111111111111111111111111111111111111111111111111111
111111111111111111111111111111111111111111111111111111111111111111111111111111111111111111111111
111111111111111111111111111111111111111111111111111111111111111111111111111111111111111111111111
111111111111111111111111111111111111111111111111111111111111111111111111111111111111111111111111
111111111111111111111111111111111111111111111111111111111111111111111111111111111111111111111111
111111111111111111111111111111111111111111111111111111111111111111111111111111111111111111111111
111111111111111111111111111111111111111111111111111111111111111111111111111111111111111111111111
111111111111111111111111111111111111111111111111111111111111111111111111111111111001111111110011
111111111111111111111111111111111111111111111111111111111111111111111111111111111100000000000000
111111111111111111111111111111111111111111111111111111111111111111111111111111111100011101110000
111111111111111111111111111111111111111111111111110111111111111111111111111111111110011101111000
111111111111111111111111111111111111111111111111100111111111111111111111111111111100011101111110
111111111111111111111111111111111111111111100111101111111111111111111111111111111101011101111110
111111111111111111111111111111111111111111100011101111101111111111111111111111111101000001111110
111111111111111111111111111111111111111111000001101111101111111111111111111111111100011101111110
111111111111111111111111111111111111111111100001100000101111111111111111111111111101001101111110
111111111111111111111111111111111111111110011000001110001111111111111111111111111101010100000000
111111111111111111111111111111111111111000000000000000010111111111111111111111111110010001111100
111111111111111111111111111111111111111111100000000011010111011111111111111111111111000111110000
111111111111111111111111111111111111111111001100000001010011000000111111111111111111011000000000
111111111111111111111111111111111111111111011000001100011111010110111111111111111110000011100000
111111111111111111111111111111111111111111011110001110111111010110111111111111111111011000101000
111111111111111111111111111111111110001111111110000110111111100110111111111111111011000010101000
111111111111111111111111111111000001111000111110000010111111110000111111111111110001111000000000
111111111111111111111111111101101010100010000000000000001111111110001111111111000100011111100000
111111111111111111111111111101101000001010011000011101100111111100000111111100111111011111000000
111111111111111111111111111001101011100010100000011101110101111111010111111100000000101110000000
111111111111111111111111111101111000101110100000011100000001111111110001111100100110000000100000
111111111111111111111111111001111110000010001000011110101000111111111111111101101000110111110000
111111111111111111111111111101111101011011011000000000011011111111111111111101100010110111111000
111111111111111111111111110001111111011010000000001111011011110010010111111111101100000110000000
111111111111111111111000111101111111001000111000000111000011101101011111111110000011110000110000
111111111111111111111101011101111100000000000000000010010000001101111111111111110111110000000100
111111111111111111111101011101110000000011000000000000110101100001111111111110000000000000111110
111111111111111111101100001100000101110001000000000000110100001111111111111111111111110000000000
111111111111111111100000101000110101111101000000000000010001000111111111111111111111111100011110
111111111111111111110110000000000101111000010000000000000100000011111111111111001111111110111100
111111111111111111110111011010111101111011010000000000000111001011111111111111101111111110011110
111111111111111111110111010010111101111000000000000000000111000011111111111111000111111111011000
111111111111111111110111001000000001000000000000000000000000010011111111111111011010111100000000
111111111111111111110010001000111111111000100000000000001111010111111111111111011010000011100001
111111111111111111111000000000000111111101101001110001100111011011111111111111000011111011101111
111111111111111111111000000011110011111100001001110111110010011111111111111111111011111000000111
111111111111111111110010000011110111110101100111100111110100111111111111111111111011111111111111
111111111111111111100010000000100001110100000011111111110011111111111111111111110011111111111111
111111111111111111110000000110100100010010111001101111111011111111111111111111111111111111111111
111111111111111111100001000010000001100000111111101100000011111111111111111111111111111111111111
111111111111110111000001000011010001000101111111111111111011111111111111111111111111111111111111
111111111111110100001001000111011100010001111111111111110111111111111111111111111111111111111111
111111111110000000001111000011011001011111111111111111110111111111111111111111111111111111111111
111111111110000000001111000010011001111111111111111111111111111111111111111111111111111111111111
111111111111001000000111000000110000111111111111111111111111111111111111111111111111111111111111
111111111111111000000000000000000111111111111111111111111111111111111111111111111111111111111111
