111111111111111111111111111111111111111111111111111111111111111111111111111111111111111111111111
111111111111111111111111111111111111111111111111111111111111111111111111111111111111111111111111
111111111111111111111111111111111111111111111111111111111111111111111111111111111111111111111111
111111111111111111111111111111111111111111111111111111111111111111111111111111111111111111111111
111111111111111111111111111111111111111111111111111111111111111111111111111111111111111111111111
111111111111111111111111111111111111111111111111111111111111111111111111111111111111111111111111
111111111111111111111111111111111111111111111111111111111111111111111111111111111111111111111111
111111111111111111111111111111111111111111111111111111111111111111111111111111111111111111111111
111111111111111111111111111111111111111111111111111111111111111111111111111111111111111111111111
111111111111111111111111111111111111111111111111111111111111111111111111111111111111111111111111
111111111111111111111111111111111111111111111111111111111111111111111111111111111111111111111111
111111111111111111111111111111111111111111111111111111111111111111111111111111111111111111111111
111111111111111111111111111111111111111111111111111111111111111111111111111111111111111111111111
111111111111111111111111111111111111111111111111111111111111111111111111111111111111111111111111
111111111111111111111111111111111111111111111111111111111111111111111111111111111111111111111111
111111111111111111111111111111111111111111111111111111111111111111111111111111111111111111111111
111111111111111111111111111111111111111111111111111111111111111111111111111111111111111111111111
111111111111111111111111111111111111111111111111111111111111111111111111111111111111111111111111
111111111111111111111111111111111111111111111111111111111111111111111111111111111111111111111111
111111111111111111111111111111111111111111111111111111111111111111111111111111111111111111111111
111111111111111111111111111111111111111111111111111111111111111111111111111111111111111111111111
111111111111111111111111111111111111111111111111111111111111111111111111111111111111111111111111
111111111111111111111111111111111111111111111111111111111111111111111111111111111111111111111111
111111111111111111111111111111111111111111111111111111111111111111111111111111111111111111111111
111111111111111111111111111111111111111111111111111111111111111111111111111111111111111111111111
111111111111111111111111111111111111111111111111111111111111111111111111111111111111111111111111
111111111111111111111111111111111111111111111111111111111111111111111111111111111111111111111111
111111111111111111111111111111111111111111111111111111111111111111111111111111111111111111111111
111111111111111111111111111111111111111111111111111111111111111111111111111111111111111111111111
111111111111111111111111111111111111111111111111111111111111111111111111111111111111111111111111
111111111111111111111111111111111111111111111100011111111111111111111111111111111111111111111111
111111111111111111111111111111111111111100000000000000011111111111111111111111111111111111111111
000000111111111111111111111111110011000000000000000000001111111111111111111111111111111111111111
000000000000000011111111100000000000000000000000000000000011111111111111111111111111111111111111
000000000000000000000000000000000000000000000000000000000000011111111111111111111111111111111111
000000000000000000000000000000000000000000000000000000000000001111111111111111111111111111111111
000000000000000000000000000000000000000000000000000000000000000111111111111111111111111111111111
000000000000000000000000000000000000000000000000000000000000000011111111111111111111111111111111
000000000000000000000000000000000000000000000000000000000000000000001111111111111111111111111111
000000000000000000000000000000000000000000000000000000000000000000000001111111111111111111111111
000000000000000000000000000000000000000000000000000000000000000000000000000111111111111111111111
000000000000000000000000000000000000000000000000000000000000000000000000000111111111111111111111
000000000000000000000000000000000000000000000000000000000000000000000000000000111111111111111111
000000000000000000000000000000000000000000000000000000000000000000000000000000011111111111111111
000000000000000000000000000000000000000000000000000000000000000000000000000000001111111111111111
000000000000000000000000000000000000000000000000000000000000000000000000000000000011111111111111
000000000000000000000000000000000000000000000000000000000000000000000000000000000000001111111111
000000000000000000000000000000000000000000000000000000000000000000000000000000000000000011111111
000000000000000000000000000000000000000000000000000000000000000000000000000000000000000011111111
000000000000000000000000000000000000000000000000000000000000000000000000000000000000000011111111
000000000000000000000000000000000000000000000000000000000000000000000000000000000000000011111111
000000000000000000000000000000000000000000000000000000000000000000000000000000000000000011111111
000000000000000000000000000000000000000000000000000000000000000000000000000000000000011111111111
000000000000000000000000000000000000000000000000000000000000000000000000000000000000011111111111
000000000000000000000000000000000000000000000000000000000000000000000000000000000000011111111111
000000000000000000000000000000000000000000000000000000000000000000000000000000000000011111111111
000000000000000000000000000000000000000000000000000000000000000000000000000000000000011111111111
000000000000000000000000000000000000000000000000000000000000000000000000000000000000111111111111
000000000000000000000000000000000000000000000000000000000000000000000000000000001111111111111111
000000000000000000000000000000000000000000000000000000000000000000000000000011001111111111111111
000000000000000000000000000000000000000000000000000000000000000000000000000011111111111111111111
000000000000000000000000000000000000000000000000000000000000000000000000111111111111111111111111
000000000000000000000000000000000000000000000000000000000000000000000000111111111111111111111111
000000000000000000000000000000000000000000000000000000000000000000000000111111111111111111111111
000000000000000000000000000000000000000000000000000000000000000000000001111111111111111111111111
000000000000000000000000000000000000000000000000000000000000000000000001111111111111111111111111
000000000000000000000000000000000000000000000000000000000000000000000011111111111111111111111111
000000000000000000000000000000000000000000000000000000000000000000000011111111111111111111111111
000000000000000000000000000000000000000000000000000000000000000000000011111111111111111111111111
000000000000000000000000000000000000000000000000000000000000000000000011111111111111111111111111
000000000000000000000000000000000000000000000000000000000000000000000111111111111111111111111111
000000000000000000000000000000000000000000000000000000000000000000001111111111111111111111111111
000000000000000000000000000000000000000000000000000000000000000000001111111111111111111111111111
000000000000000000000000000000000000000000000000000000000000000000001111111111111111111111111111
000000000000000000000000000000000000000000000000000000000000000000001111111111111111111111111111
000000000000000000000000000000000000000000000000000000000000000000000111111111111111111111111111
000000000000000000000000000000000000000000000000000000000000000000000011111111111111111111111111
000000000000000000000000000000000000000000000000000000000000000000000011111111111111111111111111
000000000000000000000000000000000000000000000000000000000000000000000001111111111111111111111111
000000000000000000000000000000000000000000000000000000000000000000000000111111111111111111111111
000000000000000000000000000000000000000000000000000000000000000000000000011111111111111111111111
000000000000000000000000000000000000000000000000000000000000000000000000011111111111111111111111
000000000000000000000000000000000000000000000000000000000000000000000000000011111111111111111111
000000000000000000000000000000000000000000000000000000000000000000000000000000011111111111111111
000000000000000000000000000000000000000000000000000000000000000000000000000000011111111111111111
000000000000000000000000000000000000000000000000000000000000000000000000000000000111111111111111
000000000000000000000000000000000000000000000000000000000000000000000000000000000011111111111111
000000000000000000000000000000000000000000000000000000000000000000000000000000000011111111111111
000000000000000000000000000000000000000000000000000000000000000000000000000000000011111111111111
000000000000000000000000000000000000000000000000000000000000000000000000000000000011111111111111
000000000000000000000000000000000000000000000000000000000000000000000000000000000011111111111111
000000000000000000000000000000000000000000000000000000000000000000000000000000000000011111111111
000000000000000000000000000000000000000000000000000000000000000000000000000000000000011111111111
000000000000000000000000000000000000000000000000000000000000000000000000000000000000011111111111
000000000000000000000000000000000000000000000000000000000000000000000000000000000000011111111111
000000000000000000000000000000000000000000000000000000000000000000000000000000000000000011111111
