111111111111111111111111111111111111111111111111111111111111111111111111111111111111111111111111
100000000011111111111111111111111111111111111111111111111111111111111111111111111111111111111111
100000000011111111111111111111111111111111111111111111111111111111111111111111111111111111111111
000000000011111111111111111111111111111111111111111111111111111111111111111111111111111111111111
000110000011111111111111111111111111111111111111111111111111111111111111111111111111111111111111
001110000011111111111111111111110111111111111111111111111111111111111111111111111111111111111111
001110000111111111111111111111110111111111111111111111111111111111111111111111111111111111111111
001111100111111111111111111111110000111101111111111111111111111111111111111111111111111111111111
001101000111111111111111111111100110000001111111110001111111111111111111111111111111111111111111
000000000111111111111111111111100111000000111111111101111111111111111111111111111111111111111111
000011100111111111111111111111110011000000001111111101111111111111111111111111111111111111111111
000000110111111111111111111111111000010000000111111101111111111111111111111111111111111111111111
000110110111111111111111111111111100010000000011101000011111110111111111111111111111111111111111
001110110111111111111111111111111000000000000011101111000000000111111111111111111111111111111111
000110110011111111111111111111111000000000001111111111111111110111111111111111111111111111111111
000010111000011111111111111111111000000000101111111111111111111111111111111111111111111111111111
000010010000011100011110000011111000000000111111111111111111111111111111111111111111111111111111
000000000000000000000000000000000000011111111111111111111111111111111111111111111111111111111111
001110000000000000000000000111100000010001110111111111111111111111111111111111111111111111111111
000010000100000000000010000111110000000100000111111111111111111111111111111111111111111111111111
000000011100000000011111000011110000001100010111111111111111111111111111111111111111111111111111
000001111101000000011111110001110000000000110111111111111111111111111111111111111111111111111111
000011110001100011011111111000000000000001111111111111111111111111111111111111111111111111111111
000001110111100111011111110000000000000000111111111111111111111111111111111111110111111111111111
000011100110000111011111100000000100000011111111111111111111111111111111111111110011111111111111
000000101110000000001100000000011100001111111111111111111111111111111111111111100011111111111111
000000001100011111100001110000000001111111111111111111111111111111111111111111111011111111111111
000000100000011111110001110000001111111111111111111111111111111111111111111111111011111111111111
000110111000011111110011110000001111111111111111111111111111111111111111111110000011111111111111
000110111000011111000011110000001111111111111111111111111111111111111111100000110000111111111111
000000110000011100111011110110001111111111111111111111111111111111111111101011110110011111111111
000111110000000000111000000111111111111111111111111111111111111111111100001011110111011111111111
000000110001000000111001111111111111111111111111111111111111111111111101100000010111001111111111
000000000011100000000011111111111111111111111111111111111111111111111100001101010111000111111111
000111000011111000000011111111111111111111111111111111111111111111111111111101000000010001111111
000000000011000001000111111111111111111111111111111111111111111111111111111101011101110001111111
000000000011011011101111111111111111111111111111111111111111111111111111111101011101110001111111
000000000111010001111111111111111111111111111111111111111111111111111111111100000001110001111111
100000000100000101111111111111111111111111111111111111111111111111111111111111111100000001111111
100000001101011100111111111111111111111111111111111111111111111111111111111111111101110001111111
100000000101011001111111111111111111111111111111111111111111111111111111111111111101100000111111
100000000000000111111111111111111111111111111111111111111111111111111111111111111101100000011111
110000000001110111111111111111111111111111111111111111111111111111111111111111111101100000001111
110000000001110111111111111111111111111111111111111111111111111111111111111111111100000000000111
111000000011111111111111111111111111111111111111111111111111111111111111111111111111100000000111
111000000001111111111111111111111111111111111111111111111111111111111111111111111111111000000111
111000000011111111111111111111111111111111111111111111111111111111111111111111111111111011100001
111000001111111111111111111111111111111111111111111111111111111111111111111111111111100011111111
111000001111111111111111111111111111111111111111111111111111111111111111111111111111100011111111
110000001110111111111111111111111111111111111111111111111111111111111111111111111111100000011111
000000000000111111111111111111111111111111111111111111111111111111111111111111111111000000001111
000000001110111111111111111111111111111111111111111111111111111111111111111111111100000000001111
000000011110000000011111111111111111111111111111111111111111111111111111111111111110000000000111
000000011110000000011111111111111111111111111111111111111111111111111111111111111110000000000011
000000011111000000011111111111111111111111111111111111111111111111111111111111110000000000001011
000000001111000000001111111111111111111111111111111111111111111111111111111111010000000000000011
000000011111000000011111111111111111111111111111111111111111111111111001100111000000000000011011
000000011111000000011111111111111111111111111111111111111111111111111100000000000000000000001001
000000011111000000111111111111111111111111111111111111111111111111111110000001100000000000001001
000000001111000000111111111111111111111111111111111111111111111111111110001101100000000000000001
000000000111000000111111111111111111111111111111111111111111111111111111000001101111100000000001
000000000000000000011111111111111111111111111111111111111111111111111111000000101111100000000000
000000000000000000011111111111111111111111111111111111111111111111111111000000001111100000011100
000000000000000000011111111111111111111111111111111111111111111110111001000011100000000000000000
000000000000000000011111111111111111111111111111111111111111111100000000000000101100000000000000
000000000000000000111111111111111111111111111111111111111111111100000000000000101100000000000000
000000000000000000111111111111111111111111111111111111111111111100000000000000101000000000000000
110000000000000000111111111111111111111111111111111111111111111100000000000000000000000000000000
110000000000000000111111111111111111111111111111111111111111111101110000000000000000000000010000
110000000000000000111111111111111111111111111111111111111111111101110000000010000000000001010000
110000000000000000111111111111111111111111111111111111111111111101110001101110000000000001100000
111000000000000000000111111111111111111111111111111111111111111100000000001111000000000000000000
100000000000000000000111111111111111111111111111111111111111111100000011000111000000000000110001
111000000000000000000111111111111111111111111111111111111111111100000001010000000001100000001001
111100000000000000000111111111111111111111111111111111111111111110000000000000000000000000000001
111100000000000000000001111111111111111111111111111111111111111110000111010000000111100010000001
111111000000000000000000111111111111111111111111111111111111111110000001000000000000001111100111
111111000000000000000000111111111111111111111111111111111111111110000000000000000011011111101111
111110000000000000000000000111111111111111111111111111111111111110000000000010000000111110011111
111110000000000000000000000000000111111111111111111111111111111111000000000110000000001100011111
111111000000000000000000000000000001111111111111111111111111111111000000001110110000011101111111
111111100000000000000000000000000000011111111111111111111110001100000000000010000001111101111111
111111100000000000000000000000000000011111111111111111110000001001000000011100000000111101111111
111111100000000000000000000000000000001111111111111111000000000011010000000100000001111101111111
111111100000000000000000000000000000000111111111111111000000000011000110000000000000110001111111
111111100000000000000000000000000000000111111111111111000000000010010100000000000001001111111111
111111110110000000000000000000000000000011111111111111000000000000110000100000000101101111111111
111111111111000000000000000000000000000001111111111111000000000000000000000000011101101111111111
111111111111000000000000000000000000000001111111111111000000010001101100000000000101001111111111
111111111111110000000000000000000000000000111111111111000000110011101100000001000000011111111111
111111111111111000000000000000000000000000111111111111100000010000001110000011000000011111111111
111111111111111000000000000000000000000000111111111111110000000001100000000011110000011111111111
111111111111111100000000000000000000000000011111111111110000100000100010000011110000011111111111
111111111111111100000000000000000000000000011111111111110000110000000000000000000000111111111111
111111111111111100000000000000000000000000011111111111111110000000000000000000010001111111111111
111111111111111100000000000000000111111111111111111111111111111100000000000000111111111111111111
