111111111111111111111111111111111111111111111111111111111111111111111111111111111111111111111111
111111111111111111111111111111111111111111111111111111100001111111111111111111111111111111111111
111111111111111111111111111111111111111111111111111111101100011111111111111111111111111111111111
111111111111111111111111111111111111111111111111111111101110111111111111111111111111111111110111
111111111111111111111111111111111111111111111111111111110100111111111111111111111111111111110111
111111111111111111111111111111111111111111111111111111110101111111111111111111111111111111110111
111111111111111111111111111111111111111111111111111111110001111111111111111111111111111101110111
111111111111111111111111111111111111111111111111111111111011111111111111111111111111111100000111
111111111111111111111111111111111111111111111111111111111001111111111111111111111111110000110111
111111111111111111111111111111111111111111111111111111111100001111111111111111111111100110100111
111111111111111111111111111111111111111111111111111111111111101111111111111111111110001110101011
111111111111111111111111111111111111111111111111111111111111101111111111111111110000100000101011
111111111111111111111111111111111111111111111111111111111111111111111111111111110111111111100011
111111111111111111111111111111111111111111111111111111111111111111111111111111100111111111111001
111111111111111111111111111111111111111111111111111111111111111111111111111111001111111000111101
111111111111111111111111111111111111111111111111111111111111111111111111111111001111111010111101
111111111111111100011111111111111111111111111111111111111111111111111111111110000000000010111101
111111111111111110011111111111111111111111111111111111111111111111111111111111000000000000011101
111111111111111100011111111111111111111111111111111111111111111111111111111111001111111111011101
111111111111111000011111111111111111111111111111111111111111111111111111111111100111111111000001
111111111111111000011111111111111111111111111111111111111111111111111111111111110111111111111101
111111111111111000011111111111111111111111111111111111111111111111111111111111110111111111111101
111111111111110011011111111111111111111111111111111111111111111111111111111111110011111111111101
111111111111110111011111111111111111111111111111111111111111111111111111111111111001111111111101
111111111111110111011111111111111111111111111111111111111111111111111111111111111101111100011101
111111111111000000001111111111111111111111111111111111111111111111111111111111111101111101001101
111111111111011111100111111111111111111111111111111111111111111111111111111111111101111101100101
111111111110011111110011111111111111111111111111111111111111111111111111111111111101111101110100
111111111110001111110011111111111111111111111111111111111111111111111111111111111100000001110110
111111111100000011000011111111111111111111111111111111111111111111111111111111111111001100110110
111111111100000000000011111111111111111111111111111111111111111111111111111111111111101110110110
111111111000000000000000011111111111111111111111111111111111111111111111111111111111100110110110
111111111001000000000001111111111111111111111111111111111111111111111111111111111111110010110110
111111111011100000000011111111111111111111111111111111111111111111111111111111111111111000110110
111111111011111000000011111111111111111111111111111111111111111111111111111111111111111110000110
111111111011000001000111111111111111111111111111111111111111111111111111111111111111111110111110
111111110011011011101111111111111111111111111111111111111111111111111111111111111111111110111110
100000000111010001111111111111111111111111111111111111111111111111111111111111111111111110111110
100000000100000101111111111111111111111111111111111111111111111111111111111111111111111110111110
100000001101011100111111111111111111111111111111111111111111111111111111111111111111111110011110
100000000101011001111111111111111111111111111111111111111111111111111111111111111111111111001110
100000000000000111111111111111111111111111111111111111111111111111111111111111111111111111100110
110000000001110111111111111111111111111111111111111111111111111111111111111111111111111111100010
110000000001110111111111111111111111111111111111111111111111111111111111111111111111111111100010
111000000011111111111111111111111111111111111111111111111111111111111111111111111111111111110000
111000000001111111111111111111111111111111111111111111111111111111111111111111111111111111100011
111000000011111111111111111111111111111111111111111111111111111111111111111111111111111111100001
111000001111111111111111111111111111111111111111111111111111111111111111111111111111111111111111
111000001111111111111111111111111111111111111111111111111111111111111111111111111111111111111111
110000001110111111111111111111111111111111111111111111111111111111111111111111111111111111011111
000000000000111111111111111111111111111111111111111111111111111111111111111111111111111111001111
000000000000111111111111111111111111111111111111111111111111111111111111111111111111111111101111
000000000000000000011111111111111111111111111111111111111111111111111111111111111111111100000111
000000000000000000011111111111111111111111111111111111111111111111111111111111111111111000000011
000000000000000000011111111111111111111111111111111111111111111111111111111111111111111000001011
000000000000000000000111111111111111111111111111111111111111111111111111111111111111111000000011
000000000000000000000011111111111111111111111111111111111111111111111111111111111111111100011011
000000000000000000000000001111111111111111111111111111111111111111111111111111111111111100001001
000000000000000000000000000111111111111111111111111111111111111111111111111111111111111100001001
000000000000000000000000000111111111111111111111111111111111111111111111111111111111111100000001
000000000000000000000000000011111111111111111111111111111111111111111111111111111111100000000001
000000000000000000000000000000010111111111111111111111111111111111111111111111111111100000000000
000000000000000000000000000000000000001111111111111111111111111111111111111111111111100000011100
000000000000000000000000000000000000011111111111111111111111111111111111111111111111000000000000
000000000000000000000000000000000000011111111111111111111111111111111111111111111110000000000000
000000000000000000000000000000000000011111111111111111111111111111111111111111111110000000000000
000000000000000000000000000000000000000000011111111111111111111111111111111111111110000000000000
110000000000000000000000000000000000000000011111111111111111111111111111111111111100000000000000
110000000000000000000000000000000000000000011111110000001111111111111111111111100000000000010000
110000000000000000000000000000000000000000001111100000001111111111111111111111100000000001010000
110000000000000000000000000000000000000000001111100000001111111111111111111111100000000001100000
111000000000000000000000000000000000000000011111100000001111111111111111111111000000000000000000
100000000000000000000000000000000000000000011100000000001111111111111111111111000000000000110001
111000000000000000000000000000000000000000000000000011001111111111111111111110000001100000001001
111100000000000000000000000000000000000000000000000010001111111111111111111100000000000000000001
111100000000000000000000000000000000000000000000000100001111111111111111111100000111100000000001
111111000000000000000000000000000000000011100000000110001111111111111111111000000000001101100111
111111000000000000000000000000000000000011100000000110100111111111111111110000000011011100001111
111110000000000000000000000000000000000011100000000000000111111111111110000010000000000000011111
111110000000000000000000000000000000000000000000000000000000111111111000000110000000001100011111
111111000000000000000000000000000000000000000000001100000000011111100000001110110000001101111111
111111100000000000000000000000000000000000000000001101000000001100000000000010000001101101111111
111111100000000000000000000000000000000000000000000000000000001001000000011100000000101101111111
111111100000000000000000000000000000000000000000000000000000000011010000000100000000001101111111
111111100000000000000000000000000000000000011100000000000000000011000110000000000000000001111111
111111100000000000000000000000000000000000011100000000000000000010010100000000000001001111111111
111111110110000000000000000000000000000000011100000000000000000000110000100000000101101111111111
111111111111000000000000000000000000000000000000000000000000000000000000000000011101101111111111
111111111111000000000000000000000000000000000000000000000000010001101100000000000101001111111111
111111111111110000000000000000000000000000000000000000000000110011101100000001000000011111111111
111111111111111000000000000000000000000000000000000000000000010000001110000011000000011111111111
111111111111111000000000000000000000000000000000000001110000000001100000000011110000011111111111
111111111111111100000000000000000000000000000000000000000000100000100000000011110000011111111111
111111111111111100000000000000000000000000000000000000000000110000000000000000000000111111111111
111111111111111100000000000000000000000000000001111110011110000000000000000000010001111111111111
111111111111111100000000000000000111111111111111111111111111111100000000000000111111111111111111
