111111111111111111111111111111111111111111111111111111111111111111111111111111111111111111111111
100000011111111111111111111111111111111111111111111111100111111111111111111111111111111111111111
100000011111111111111111111111111111111111111111111111101111111111111111111111111111111111111111
000000011111111111111111111111111111111111111111111111101111111111111111111111111111111111111111
000110001111111111111111111111111111111111111111111111100101111111111111111111111111111111111111
001110000111111111111111111111111111111111111111111111100101111111111111111111111111111111111111
001110000111111111111111111111111111111111111111111111100001111111111111111111111111111111111111
001111100111111111111111111111111111111111111111111111100011111111111111111111111111111111111111
001101000111111111111111111111111111111111111111111111110001111111111111111111111111110001111111
000000000111111111111111111111111111111111111111111111110000011111111111111111111111100110100111
000011100111111111111111111111111111111111111111111111111111111111111111111111111110001110101011
000000110111111111111111111111111111111111111111111111111111111111111111111111110000100000101011
000110110111111111111111111111111111111111111111111111111111111111111111111111110111111111100011
001110110111111111111111111111111111111111111111111111111111111111111111111111100111111111111001
000110110011111111111111111111111111111111111111111111111111111111111111111111001111111000111101
000010111000011111111111111111111111111111111111111111111111111111111111111111001111111010111101
000010010000011100011110000011111111111111111111111111111111111111111111111110000000000010111101
000000000000000000000000000000111111111111111111111111111111111111111111111111000000000000011101
001110000000000000000000000111111111111111111111111111111111111111111111111111001111111111011101
000010000100000000000010000111111111111111111111111111111111111111111111111111100111111111000001
000000011100000000011111000011111111111111111111111111111111111111111111111111110111111111111101
000001111101000000011111110001111111111111111111111111111111111111111111111111110111111111111101
000011110001100011011111111001111111111111111111111111111111111111111111111111110011111111111101
000001110111100111011111110001111111111111111111111111111111111111111111111111111001111111111101
000011100110000111011111100001111111111111111111111111111111111111111111111111111101111100011101
000000101110000000001100000111111111111111111111111111111111111111111111111111111101111101001101
000000001100011111100001110111111111111111111111111111111111111111111111111111111101111101100101
000000100000011111110001110111111111111111111111111111111111111111111111111111111101111101110100
000110111000001111110011110111111111111111111111111111111111111111111111111111111100000001110110
000110111000000011000011110111111111111111111111111111111111111111111111111111111111001100110110
000000110000000000000011110111111111111111111111111111111111111111111111111111111111101110110110
000111110000000000000000000111111111111111111111111111111111111111111111111111111111100110110110
000000110001000000000001111111111111111111111111111111111111111111111111111111111111110010110110
000000000011100000000011111111111111111111111111111111111111111111111111111111111111111000110110
000111000011111000000011111111111111111111111111111111111111111111111111111111111111111110000110
000000000011000001000111111111111111111111111111111111111111111111111111111111111111111110111110
000000000011011011101111111111111111111111111111111111111111111111111111111111111111111110111110
000000000111010001111111111111111111111111111111111111111111111111111111111111111111111110111110
100000000100000101111111111111111111111111111111111111111111111111111111111111111111111110111110
100000001101011100111111111111111111111111111111111111111111111111111111111111111111111110011110
100000000101011001111111111111111111111111111111111111111111111111111111111111111111111111001110
100000000000000111111111111111111111111111111111111111111111111111111111111111111111111111000110
110000000001110111111111111111111111111111111111111111111111111111111111111111111111111111000010
110000000001110111111111111111111111111111111111111111111111111111111111111111111111111111000010
111000000011111111111111111111111111111111111111111111111111111111111111111111111111111111000000
111000000001111111111111111111111111111111111111111111111111111111111111111111111111111111000011
111000000011111111111111111111111111111111111111111111111111111111111111111111111111111111100001
111000001111111111111111111111111111111111111111111111111111111111111111111111111111111111111111
111000001111111111111111111111111111111111111111111111111111111111111111111111111111111111111111
110000001110111111111111111111111111111111111111111111111111111111111111111111111111111111011111
000000000000111111111111111111111111111111111111111111111111111111111111111111111111111111001111
000000000000111111111111111111111111111111111111111111111111111111111111111111111111111111001111
000000000000000000011111111111111111111111111111111111111111111111111111111111111111111100000111
000000000000000000011111111111111111111111111111111111111111111111111111111111111111111000000011
000000000000000000011111111111111111111111111111111111111111111111111111111111111111111000001011
000000000000000000000111111111111111111111111111111111111111111111111111111111111111111000000011
000000000000000000000011111111111111111111111111111111111111111111111111111111111111111100011011
000000000000000000000000001111111111111111111111111111111111111111111111111111111111111100001001
000000000000000000000000000111111111111111111111111111111111111111111111111111111111111100001001
000000000000000000000000000111111111111111111111111111111111111111111111111111111111111100000001
000000000000000000000000000011111111111111111111111111111111111111111111111111111111100000000001
000000000000000000000000000001010111111111111111111111111111111111111111111111111111100000000000
000000000000000000000000000000000000001111111111111111111111111111111111111111111111100000011100
000000000000000000000000000000000000011111111111111111111111111111111111111111111111000000000000
000000000000000000000000000000000000011111111111111111111111111111111111111111111110000000000000
000000000000000000000000000000000010011111111111111111111111111111111111111111111110000000000000
000000000000000000000000000000000000000000011111111111111111101111111111111111111110000000000000
110000000000000000000000000000000000000000011111111111111111101111111111111111111100000000000000
110000000000000000000000000000000001000000011111110000001111001111111111111111100000000000010000
110000000000000000000000000000000000000000001111100000000001000011111111111111100000000001010000
110000000000000000000000000000000000000000001111100000000000000011111111111111100000000001100000
111000000000000000000000000000000000000000011111100000001000011011111111111111000000000000000000
100000000000000000000000000000000000000000111110000000001000111011111111111111000000000000110001
111000000000000000000000000000000000000000011100000011000000000011111111111110000001100000001001
111100000000000000000000000000000000000000000000000010000011101001111111111100000000000000000001
111100000000000000000000000000000000000011100000000100000011101101111111111100000111100000000001
111111000000000000000000000000000000000111110000000110000001101101111111111000000000001101100111
111111000000000000000000000000000100000111110000000110100001101001111111110000000011011100001111
111110000000000000000000000000000000000111110000000000000000001001111110000010000000000000011111
111110000000000000000000000000000000000011100000000000000000000000111000000110000000001100011111
111111000000000000000000000000000000000000000000001100000000000000100000001110110000001101111111
111111100000000000000000000000000000000000000000001101000000000000000000000010000001101101111111
111111100000000000000000000000000000000000000000000000000000000001000000011100000000101101111111
111111100000000000000000000000000000000000011100000000000000000011010000000100000000001101111111
111111100000000000000000000000000000000000111110000000000000000011000110000000000000000001111111
111111100000000000000000000000000000000000111110000000000000000010010100000000000001001111111111
111111110110000000000000000000000000000000111110000000000000000000110000100000000101101111111111
111111111111000000000000000000000000000000011100000000000000000000000000000000011101101111111111
111111111111000000000000000000000000000000000000000000000000010001101100000000000101001111111111
111111111111110000000000000000000000000000000000000000000000110011101100000001000000011111111111
111111111111111000000000000000000000000000000000000000000000010000001110000011000000011111111111
111111111111111000000000000000000000000000000000000101110000000001100000000011110000011111111111
111111111111111100000000000000000000000000000000000000000000100000100000000011110000011111111111
111111111111111100000000000000000000000000000000000000000000110000000000000000000000111111111111
111111111111111100000000000000000000000000000001111110011110000000000000000000010001111111111111
111111111111111100000000000000000111111111111111111111111111111100000000000000111111111111111111
