111111111111111111111111111111111111111111111111111111111111111111111111111111111111111111111111
111111111111111111111111111111111111111111111111111111111111111111111111111111111111111111111111
111111111111111111111111111111111111111111111111111111111111111111111111111111111111111111111111
111111111111111111111111111111111111111111111111111111111111111111111111111111111111111111111111
111111111111111111111111111111111111111111111111111111111111111111111111111111111111111111111111
111111111111111111111111111111111111111111111111111111111111111111111111111111111111111111111111
111111111111111111111111111111111111111111111111111111111111111111111111111111111111111111111111
111111111111111111111111111111111111111111111111111111111111111111111111111111111111111111111111
111111111111111111111111111111111111111111111111111111111111111111111111111111111111111111111111
111111111111111111111111111111111111111111111111111111111111111111111111111111111111111111111111
111111111111111111111111111111111111111111111111111111111111111111111111111111111111111111111111
111111111111111111111111111111111111111111111111111111111111111111111111111111111111111111111111
111111111111111111111111111111111111111111111111111111111111111111111111111111111111111111111111
111111111111111111111111111111111111111111111111111111111111111111111111111111111111111111111111
111111111111111111111111111111111111111111111111111111111111111111111111111111111111111111111111
111111111111111111111111111111111111111111111111111111111111111111111111111111111111111111111111
111111111111111111111111111111111111111111111111111111111111111111111111111111111111111111111111
111111111111111111111111111111111111111111111111111111111111111111111111111111111111111111111111
111111111111111111111111111111111111111111111111111111111111111111111111111111111111111111111111
111111111111111111111111111111111111111111111111111111111111111111111111111111111111111111111111
111111111111111111111111111111111111111111111111111111111111111111111111111111111111111111111111
111111111111111111111111111111111111111111111111111111111111111111111111111111111111111111111111
111111111111111111111111111111111111111111111111111111111111111111111111111111111111111111111111
111111111111111111111111111111111111111111111111111111111111111111111111111111111111111111111111
111111111111111111111111111111111111111111111111111111111111111111111111111111111111111111111111
111111111111111111111111111111111111111111111111111111111111111111111111111111111111111111111111
111111111111111111111111111111111111111111111111111111111111111111111111111111111111111111111111
111111111111111111111111111111111111111111111111111111111111111111111111111111111111111111111111
111111111111111111111111111111111111111111111111111111111111111111111111111111111111111111111111
111111111111111111111111111111111111111111111111111111111111111111111111111111111111111111111111
111111111111111111111111111111111111111111111111111111111111111111111111111111111111111111111111
111111111111111111111111111111111111111111111111111111111111111111111111111111111111111111111111
111111111111111111111111111111111111111111111111111111111111111111111111111111111111111111111111
111111111111111111111111111111111111111111111111111111111111111111111111111111111111111111111111
111111111111111111111111111111111111111111111111111111111111111111111111111111111111111111111111
111111111111111111111111111111111111111111111111111111111111111111111111111111111111111111111111
111111111111111111111111111111111111111111111111111111111111111111111111111111111111111111111111
111111111111111111111111111111111111111111111111111111111111111111111111111111111111111111111111
111111111111111111111111111111111111111111111111111111111111111111111111111111111111111111111111
111111111111111111111111111111111111111111111111111111111111111111111111111111111111111111111111
111111001111111111111111111111111111111111111111111111111111111111111111111111111111111111111111
111111001111111111111111111111111111111111111111111111111111111111111111111111111111111111111111
111111101111111111111111111111111111111111111111111111111111111111111111111111111111111111111111
111111100001111111111111111111111111111111111111111111111111111111111111111111111111111111111111
111111000011111111111111111111111111111111111111111111111111111111111111111111111111111111111111
111000000001111111111111111111111111111111111111111111111111111111111111111111111111111111111111
111000000011111111111111111111111111111111111111111111111111111111111111111111111111111111111111
111000001111111111111111111111111111111111111111111111111111111111111111111111111111111111111111
111000001111111111111111111111111111111111111111111111111111111111111111111111111111111111111111
110000001110111111111111111111111111111111111111111111111111111111111111111111111111111111111111
000000000000111111111111111111111111111111111111111111111111111111111111111111111111111111111111
000000000000111111111111111111111111111111111111111111111111111111111111111111111111111111111111
000000000000000000011111111111111111111111111111111111111111111111111111111111111111111111111111
000000000000000000011111111111111111111111111111111111111111111111111111111111111111111111111111
000000000000000011111111111111111111111111111111111111111111111111111111111111111111111111111011
000000000000000011111111111111111111111111111111111111111111111111111111111111111111111111110011
000000000000000111111111111111111111111111111111111111111111111111111111111111111111111110011011
000000000000000111111111111111111111111111111111111111111111111111111111111111111111111110001001
000000000000011111111111111111111111111111111111111111111111111111111111111111111111111110001001
000000000000001111111111111111111111111111111111111111111111111111111111111111111111111100000001
000000000000011111111111111111111111111111111111111111111111111111111111111111111111100000000001
000000000000111111111111111111111111111111111111111111111111111111111111111111111111100000000000
000000000000011111111111111111111111111111111111111111111111111111111111111111111111100000011100
000000000000001111111111111111111111111111111111111111111111111111111111111111111111000000000000
000000000000001111111111111111111111111111111111111111111111111111111111111111111110000000000000
000000000000001111111111111111111111111111111111111111111111111111111111111111111110000000000000
000000000000000111111111111111111111111111111111111111111111111111111111111111111110000000000000
110000000000000011111111111111111111111111111111111111111111111111111111111111111100000000000000
110000000000000011111111111111111111111111111111111111111111111111111111111111100000000000010000
110000000000000000111111111111111111111111111111111111111111111111111111111111100000000001010000
110000000000000000111111111111111111111111111111111111111111111111111111111111100000000001100000
111000000000000000000111111111111111111111111111111111111111111111111111111111000000000000000000
100000011111111111111111111111111111111111111111111111111111111111111111111111000000000000110001
111000111111111111111111111111111111111111111111111111111111111111111111111110000001100000001001
111101111111111111111111111111111111111111111111111111111111111111111111111100000000000000000001
111101111111111111111111111111111111111111111111111111111111111111111111111100000111100000000001
111111111111111111111111111111111111111111111111111111111111111111111111111000000000001101100111
111111111111111111111111111111111111111111111111111111111111111111111111110000000011011100001111
111111111111111111111111111111111111111111111111111111111111111111111110000010000000000000011111
111111111111111111111111111111111111111111111111111111111111111111111000000110000000001100011111
111111111111111111111111111111111111111111111111111111111111111111100000001110110000001101111111
111111111111111111111111111111111111111111111111111111111110001100000000000010000001101101111111
111111111111111111111111111111111111111111111111111111110000001001000000011100000000101101111111
111111111111111111111111111111111111111111111111111111000000000011010000000100000000001101111111
111111111111111111111111111111111111111111111111111111000000000011000110000000000000000001111111
111111111111111111111111111111111111111111111111111111000000000010010100000000000001001111111111
111111111111111111111111111111111111111111111111111111000000000000110000100000000101101111111111
111111111111111111111111111111111111111111111111111111000000000000000000000000011101101111111111
111111111111111111111111111111111111111111111111111111000000010001101100000000000101001111111111
111111111111111111111111111111111111111111111111111111000000110011101100000001000000011111111111
111111111111111111111111111111111111111111111111111111100000010000001110000011000000011111111111
111111111111111111111111111111111111111111111111111111110000000001100000000011110000011111111111
111111111111111111111111111111111111111111111111111111100000100000100000000011110000011111111111
111111111111111111111111111111111111111111111111111111100000110000000000000000000000111111111111
111111111111111111111111111111111111111111111111111111111110000000000000000000010001111111111111
111111111111111111111111111111111111111111111111111111111111111100000000000000111111111111111111
