111111111111111111111111111111111111111111111111111111111111111111111111111111111111111111111111
111111111111111111111111111111111111111111111111111111111111111111111111111111111111111111111111
111111111111111111111111111111111111111111111111111111111111111111111111111111111111111111111111
111111111111111111111111111111111111111111111111111111111111111111111111111111111111111111111111
111111111111111111111111111111111111111111111111111111111111111111111111111111111111111111111111
111111111111111111111111111111111111111111111111111111111111111111111111111111111111111111111111
111111111111111111111111111111111111111111111111111111111111111111111111111111111111111111111111
111111111111111111111111111111111111111111111111111111111111111111111111111111111111111111111111
111111111111111111111111111111111111111111111111111111111111111111111111111111111111111111111111
111111111111111111111111111111111111111111111111111111111111111111111111111111111111111111111111
111111111111111111111111111111111111111111111111111111111111111111111111111111111111111111111111
111111111111111111111111111111111111111111111111111111111111111111111111111111111111111111111111
111111111111111111111111111111111111111111111111111111111111111111111111111111111111111111111111
111111111111111111111111111111111111111111111111111111111111111111111111111111111111111111111111
111111111111111111111111111111111111111111111111111111111111111111111111111111111111111111111111
111111111111111111111111111111111111111111111111111111111111111111111111111111111111111111111111
111111111111111111111111111111111111111111111111111111111111111111111111111111111111111111111111
111111111111111111111111111111111111111111111111111111111111111111111111111111111111111111111111
111111111111111111111111111111111111111111111111111111111111111111111111111111111111111111111111
111111111111111111111111111111111111111111111111111111111111111111111111111111111111111111111111
111111111111111111111111111111111111111111111111111111111111111111111111111111111111111111111111
111111111111111111111111111111111111111111111111111111111111111111111111111111111111111111111111
111111111111111111111111111111111111111111111111111111111111111111111111111111111111111111111111
111111111111111111111111111111111111111111111111111111111111111111111111111111111111111111111111
111111111111111111111111111111111111111111111111111111111111111111111111111111111111111111111111
111111111111111111111111111111111111111111111111111111111111111111111111111111111111111111111111
111111111111111111111111111111111111111111111111111111111111111111111111111111111111111111111111
111111111111111111111111111111111111111111111111111111111111111111111111111111111111111111111111
111111111111111111111111111111111111111111111111111111111111111111111111111111111111111111111111
111111111111111111111111111111111111111111111111111111111111111111111111111111111111111111111111
111111111111111111111111111111111111111111111111111111111111111111111111111111111111111111111111
111111111111111111111111111111111111111111111111111111111111111111111111111111111111111111111111
111111111111111111111111111111111111111111111111111111111111111111111111111111111111111111111111
111111111111111111111111111111111111111111111111111111111111111111111111111111111111111111111111
111111111111111111111111111111111111111111111111111111111111111111111111111111111111111111111111
111111111111111111111111111111111111111111111111111111111111111111111111111111111111111111111111
111111111111111111111111111111111111111111111111111111111111111111111111111111111111111111111111
111111111111111111111111111111111111111111111111111111111111111111111111111111111111111111111111
111111111111111111111111111111111111111111111111111111111111111111111111111111111111111111111111
111111111111111111111111111111111111111111111111111111111111111111111111111111111111111111111111
111111111111111111111111111111111111111111111111111111111111111111111111111111111111111111111111
111111111111111111111111111111111111111111111111111111111111111111111111111111111111111111111111
111111111111111111111111111111111111111111111111111111111111111111111111111111111111111111111111
111111111111111111111111111111111111111111111111111111111111111111111111111111111111111111111111
111111111111111111111111111111111111111111000011111111111111111111111111111111111111111111111111
000000100000000100000111100001110000000000000000011111111111111111111111111111111111111111111111
000000000000000000000000000000000000000000000000000011111111111111111111111111111111111111111111
000000000000000000000000000000000000000000000000000000011111111111111111111111111111111111111111
000000000000000000000000000000000000000000000000000000011111111111111111111111111111111111111111
000000000000000000000000000000000000000000000000000000011111111111111111111111111111111111111111
000000000000000000000000000000000000000000000000000000011111111111111111111111111111111111111111
000000000000000000000000000000000000000000000000000000011111111111111111111111111111111111111111
000000000000000000000000000000000000000000000000000001111111111111111111111111111111111111111111
000000000000000000000000000000000000000000000000000001111111111111111111111111111111111111111111
000000000000000000000000000000000000000000000000000001111111111111111111111111111111111111111111
000000000000000000000000000000000000000000000000000011111111111111111111111111111111111111111111
000000000000000000000000000000000000000000000000000011111111111111111111111111111111111111111111
000000000000000000000000000000000000000000000000000011111111111111111111111111111111111111111111
000000000000000000000000000000000000000000000000000011111111111111111111111111111111111111111111
000000000000000000000000000000000000000000000000000011111111111111111111111111111111111111111111
000000000000000000000000000000000000000000000000000011111111111111111111111111111111111111111111
000000000000000000000000000000000000000000000000000011111111111111111111111111111111111111111111
000000000000000000000000000000000000000000000000000011111111111111111111111111111111111111111111
000000000000000000000000000000000000000000000000000001111111111111111111111111111111111111111111
000000000000000000000000000000000000000000000000000001111111111111111111111111111111111111111111
000000000000000000000000000000000000000000000000000011111111111111111111111111111111111111111111
000000000000000000000000000000000000000000000000000011111111111111111111111111111111111111111111
000000000000000000000000000000000000000000000000000011111111111111111111111111111111111111111111
000000000000000000000000000000000000000000000000000011111111111111111111111111111111111111111111
000000000000000000000000000000000000000000000000000011111111111111111111111111111111111111111111
000000000000000000000000000000000000000000000000000011111111111111111111111111111111111111111111
000000000000000000000000000000000000000000000000000011111111111111111111111111111111111111111111
000000000000000000000000000000000000000000000000000011111111111111111111111111111111111111111111
000000000000000000000000000000000000000000000000000011111111111111111111111111111111111111111111
000000000000000000000000000000000000000000000000000011111111111111111111111111111111111111111111
000000000000000000000000000000000000000000000000000011111111111111111111111111111111111111111111
000000000000000000000000000000000000000000000000000011111111111111111111111111111111111111111111
000000000000000000000000000000000000000000000000000011111111111111111111111111111111111111111111
000000000000000000000000000000000000000000000000000011111111111111111111111111111111111111111111
000000000000000000000000000000000000000000000000000011111111111111111111111111111111111111111111
000000000000000000000000000000000000000000000000000011111111111111111111111111111111111111111111
000000000000000000000000000000000000000000000000000001111111111111111111111111111111111111111111
000000000000000000000000000000000000000000000000000011111111111111111111111111111111111111111111
000000000000000000000000000000000000000000000000000011111111111111111111111111111111111111111111
000000000000000000000000000000000000000000000000000011111111111111111111111111111111111111111111
000000000000000000000000000000000000000000000000000011111111111111111111111111111111111111111111
000000000000000000000000000000000000000000000000000011111111111111111111111111111111111111111111
000000000000000000000000000000000000000000000000000011111111111111111111111111111111111111111111
000000000000000000000000000000000000000000000000000011111111111111111111111111111111111111111111
000000000000000000000000000000000000000000000000000001111111111111111111111111111111111111111111
000000000000000000000000000000000000000000000000000001111111111111111111111111111111111111111111
000000000000000000000000000000000000000000000000000001111111111111111111111111111111111111111111
000000000000000000000000000000000000000000000000000001111111111111111111111111111111111111111111
000000000000000000000000000000000000000000000000000000011111111111111111111111111111111111111111
000000000000000000000000000000000000000000000000000000000111111111111111111111111111111111111111
000000000000000000000000000000000000000000000000000000011111111111111111111111111111111111111111
