111111111111111111000000111111111111111111111111111111111111111111111111111111111111111111111111
111111011111111000000000001111111111111111111111111111111111111111111111111111111111111111111111
111111001110000000000000000111111111111111111111111111111111111111111111111111111111111111111111
111101100000111000000000011111111111111111111111111111111111111111111111111111111111111111111111
111100000011110000000000011111111111111111111111111111111111111111111111111111111111111111111111
101000000000110000000000011111111111111111111111111111111111111111111111111111111111111111111111
100000111000000000000011011111111111111111111111111111111111111111111111111111111111111111111111
000000111100000000001111111111111111111111111111111111111111111111111111111111111111111111111111
000111111110000000001111101111111111111111111111111111111111111111111111111111111111111111111111
001111111110001000111111111111111111111111111111111111111111111111111111111111111111111111111111
001111111111001000000111111111111111111111111111111111111111111111111111111111111111111111111111
011111111110000011010111011111111111111111111111111111111111111111111111111111111111111111111111
000000000000111011010111011111111111111111111111111111111111111111111111111111111111111111111111
000111011011111011010000011111111111111111111111111111111111111111111111111111111111111111111111
010000000001111011001111011111111111111111111111111111111111111111111111111111111111111111111111
011111111100001011011000011111111111111111111111111111111111111111111111111111111111111111111111
011111111101101011011010111111111111111111111111111111111111111111111111111111111111111111111111
011111111101101000011000111111111111111111111111111111111111111111111111111111111111111111111111
011111110000011011000001111111111111111111111111111111111111111111111111111111111111111111111111
011111110111111011111001111111111111111111111111111111111111111111111111111111111111111111111111
001111110111111111111011111111111111111111111111111111111111111111111111111111111111111111111111
000011110111111111111111111111111111111111111111111111111111111111111111111111111111111111111111
000011110111111111111111111111111111111111111111111111111111111111111111111111111111111111111111
000000000111111111111111111111111111111111111111111111111111111111111111111111111111111111111111
000000100000111111111111111111111111111111111111111111111111111111111111111111111111111111111111
000000110011111111111111111111111111111111111111111111111111111111111111111111111111111111111111
000000000011111111111111111111111111111111111111111111111111111111111111111111111111111111111111
000000000011111111111111111111111111111111111111111111111111111111111111111111111111111111111111
100000000011111111111111111111111111111111111111111111111111111111111111111111111111111111111111
110000000011111111111111111111111111111111111111111111111111111111111111111111111111111111111111
110000000011111111111111111111111111111111111111111111111111111111111111111111111111111111111111
110000000011111111111111111111111111111111111111111111111111111111111111111111111111111111111111
110100000011111111111111111111111111111111111111111111111111111111111111111111111111111111111111
111111000011111111111111111111111111111111111111111111111111111111111111111111111111111111111111
111111100011111111111111111111111111111111111111111111111111111111111111111111111111111111111111
111111110111111111111111111111111111111111111111111111111111111111111111111111111111111111111111
111111110111111111111111111111111111111111111111111111111111111111111111111111111111111111111111
111111111111111111111111111111111111111111111111111111111111111111111111111111111111111111111111
111111111111111111111111111111111111111111111111111111111111111111111111111111111111111111111111
111111111111111111111111111111111111111111111111111111111111111111111111111111111111111111111111
111111111111111111111111111111111111111111111111111111111111111111111111111111111111111111111111
111111111111111111111111111111111111111111111111111111111111111111111111111111111111111111111111
111111111111111111111111111111111111111111111111111111111111111111111111111111111111111111111111
111111111111111111111111111111111111111111111111111111111111111111111111111111111111111111111111
111111111111111111111111111111111111111111111111111111111111111111111111111111111111111111111111
111111111111111111111111111111111111111111111111111111111111111111111111111111111111111111111111
111111111111111111111111111111111111111111111111111111111111111111111111111111111111111111111111
111111111111111111111111111111111111111111111111111111111111111111111111111111111111111111111111
111111111111111111111111111111111111111111111111111111111111111111111111111111111111111111111111
111111111111111111111111111111111111111111111111111111111111111111111111111111111111111111111111
111111111111111111111111111111111111111111111111111111111111111111111111111111111111111111111111
111111111111111111111111111111111111111111111111111111111111111111111111111111111111111111111111
111111111111111111111111111111111111111111111111111111111111111111111111111111111111111111111101
111111111111111111111111111111111111111111111111111111111111111111111111111111111111111111110000
111111111111111111111111111111111111111111111111111111111111111111111111111111111111111111110000
111111111111111111111111111111111111111111111111111111111111111111111111111111111111111111111000
111111111111111111111111111111111111111111111111111111111111111111111111111111111111111111110000
111111111111111111111111111111111111111111111111111111111111111111111111111111111111111111000000
111111111111111111111111111111111111111111111111111111111111111111111111111111111100000111100000
111111111111111111111111111111111111111111111111111111111111111111111111111111111000000000000000
111111111111111111111111111111111111111111111111111111111111111111111111111111111011100000000000
111111111111111111111111111111111111111111111111111111111111111111111111111111111011000000010000
111111101111111111111111111111111111111111111111111111111111111111111111111111111011000001110000
111111101111110111111111111111111111111111111111111111111111111111111111111111111010000011111100
111111101111110111011011111111111111111111111111111111111111111111111111111111111000000111111100
111111101111110111011011101111111111111111111111111111111111111111111111111111110000010001111100
111111101111110111011000001111111111111111111111111111111111111111111111111111110010010001111000
111111100000000001000001101111111111111111111111111111111111111111111111111111100010000000011000
111111000111111100011101101111111111111111111111111111111111111111111111111111101010000000000000
111000010111111100111101100111111111111111111111111111111111111111111111111111101011000000000000
111011110111111101111101101111111111111111111111111111111111111111111111111111100010000000000000
111011110111111100111101101111111111111111111111111111111111111111111111111111000000000000000000
110011110111111110111000001111111111111111111111111111111111111111111111111100000011000000000000
110111110111111100011011111111111111111111111111111111111111111111110110000000000000000000000000
110111110111111101011111111111111111111111111111111111111111111111110010000000000000000000000000
110001110000010001111111111111111111111111111111111111111111111111111000000000000000000000000000
100101110111001111111111111111111111111111111111111111111111111111111110000000000000000011100000
001101100111011111111111111111111111111111111111111111111111111111110000111000000000001111110000
011101001111011111111111111111111111111111111111111111111111111111111101111110000101101111110000
000000011111011111111111111111111111111111111111111111111111111111110000111110011111100001000000
011111011111111111111111111111111111111111111111111111111111111111110110111110011111110110110000
001111001111111111111111111111111111111111111111111111111111111111110010111110000000000010110000
001111111111111111111111111111111111111111111111111111111111111111111000011110101111000000000000
000111111111111111111111111111111111111111111111111111111111111111111111011110101111100000010000
000111111111111111111111111111111111111111111111111111111111111111111111011110101111100001110001
100111011111111111111111111111111111111111111111111111111111111111110111011110101111000011110111
100000011111111111111111111111111111111111111111111111111111111111110111000000100011101111111111
111111111111111111111111111111111111111111111111111111111111111111110111011100100000001111111111
111111111111111111111111111111111111111111111111111111111111111110100000011000000000111111111111
111111111111111111111111111111111111111111111111111111111111111010101110011000001111111111111111
111111111111111111111111111111111111111111111111111111111111111000101110000001011111111111111111
111111111111111111111111111111111111111111111111111111111111111100101111000011111111111111111111
111111111111111111111111111111111111111111111111111111111111111100001110001111111111111111111111
111111111111111111111111111111111111111111111111111111111111111110001100111111111111111111111111
111111111111111111111111111111111111111111111111111111111111111110000000111111111111111111111111
111111111111111111111111111111111111111111111111111111111111111111100111111111111111111111111111
