111111111111111111000000111111111111111111111111111111111000000000000000011111111111111111111111
111111011111111000000000001111111111111111111111111110000011110000011110011111111111111111111111
111111001110000000000000000000111111111111111111111100001111100000111111011111111111111111111111
111101100000111000000000011100111111111111111111111100000011101101111111011111111111111111111111
111100000011110000000000011101111111111111111111111100011011101100111111011111111111111111111111
101000000000110000000000011100000011111111111111111000011011101110010000011111111111111111111111
100000111000000000000011001100000001111111111111111000000000001100000110011111111111111111111111
000000111100000000001111101110000000011111111111111000000011100001001110011111111111111111111111
000111111110000000001111100000110101011001111111111000010011111011001110000111111111111111111111
001111111110001000111111101110110101010011111111111000010001111010000010000111111111111111111111
001111111111001000000111101110110001000110001111111010000001111000000000001111111111111111111111
011111111110000011010111001110000111011100011111111010001100011000000000001111111111111111111111
000000000000111011010111000000101111011101011111111111011110001000000000000000011111111111111111
000111011011111011010000001111101111000001011101110100011000000000000000000000011111111111111111
010000000001111011001111001111101110011101011101100000000000000000000000001100001111111111111111
011111111100001011011000001111101110111101011101100000000000000000000000001000001011111111111111
011111111101101011011010001111100000011101010000000000110000000000000000000000000011111111111111
011111111101101000011000011111101111011101000000000110110000000000000000011110000011111111111111
011111110000011011000000011100001111011101000000000110000000000000000000111100000011111111111111
011111110111111011111000111101100111011100000000000000111011000000000001111111000011111111111111
001111110111111011111000111100000000011100000000000001100011000000000001111000000011111111111111
000011110111111011111000000100000111011000001000000000001111000000000000000011000001111111111111
000011110111111011100011100001101111000000001000000011001101000000000000001111000001111111111111
000000000111111011000111111001101111100011111000000011000001000000000000011111000001011111111111
000000100000111000001111100011101111100011111110000000000000000000000000000110001100011111111111
000000110000011000001111100001101111001001111110000000000000000001000000000000011101100000111111
000000000000000000000000000011101111011100111110000000000100000001110000000000001101111000111111
000000000000000000011111000001101000011110111110000000000111000001110000000000100000110001111111
100000000000000000011111000000000011011100001000000000001111011000111000000110111110100001111111
110000000000000000001111011000011111000001100000011100011111011010100000001110011100000001011111
110000000000000000011110000000000001011111100000000100011111011010100000001111001000000000001111
110000000000110000000000111000000001011111110000000000001011010010000111101111100000000000001111
110100000001110000000011111000111000000011110000000000000000000000000111100000000000000000000011
111111000011110110001000000011111000001011110000000000000000000000000000101111110000001000000000
111111100011110110111110111011111100001011110000000000000000100000000000001111110000001100000000
111111110111110100001110111011111100000011000000000000000111110000000000001111110000000100000000
111111110001110011101110111011111000001011000000000000000111110000111100000111100000000000000000
111111111100110111000110111011100010011000000000000110000011111000111000000110000000000000000000
111111111110110100010000000000001110011100100000000111010011111000010000000000000000000000000001
111111111110110001010100000111100011011001111000000111000000110000010000000000000001110000000001
111111111110000011010100010001101011100011110000000001000000000000000000000000001101111000000001
111111111110110000010001010101001011101111111000000001000000000000000010000000000000111000011111
111111111111110011111101010000111000001000111001110000000000000000000000000110000011000001111111
111111111111110001111100011011111011101010000001110000000000000000000000001110000010010111111111
111111111111110001111101111001111011100001111111111110000000000000000000011111000000110111111111
111111111111110000111101111100011010001000111111111100101111010000000000010110000000110111111111
111111111111111000010001111111001000111100111111111111101111111111110000000000111101111111111111
111111111111111100000000000000000001111111111111111111111111111111111100000001111111111111111111
111111111111111100000000000000000001111111111111111111111111111111111100000001111111111111111111
111111111111111111110000000001111000111111111111111111111111111111111000000000000110111111111111
111111111111111111111000000001111010011111111111111111111111111111111000000000000000111111111111
111111111111111111111000000011111011011111111111111111111111111111110000000000011110111111111111
111111111111111111111100000011111000011111111111111111111111111111000000000000011110111111111111
111111111111111111111000000000111011111111111111111111111111111111000000000011011110111111111111
111111111111111111111000000110000001111111111111111111111111111111100000000000011110111111111111
111111111111110000001000001111011100000001111111111111111111101111100000000001111111111111111111
111111111110000111100000001111001101111101111111111111111111101111110000000000001111111111111111
111111111111010000001110111111101101111100111111111111111111001111110000001111100001111111111111
111111111100010111101110111111100001111101111111111111111111111111110000000111110011111111111111
111111100001110111101100011110001101111101111111111111111111111111100000000111110111111111111111
111111101111110111101101001110111101111100111111111111111111101111000000110111110111111111111111
111111101111110111000001100000111100000000001111111111111111111110000001110011110111111111111111
111111101111110111011101101111111111010111111111111111111111111000000001111011110111111111111111
111111101111110111011000001111111100010001111111111111111111111111110011111000000111111111111111
111111101111110111011011100111100001011111111111111111111111111111110000000001100111111111111111
111111101111110111011011100111101111011111111111111111111111111111100010111011101111111111111111
111111101111110111011000000000000111011111111111111111111111111111100110111011001111111111111111
111111100000000001000001100011111011011101111111111111111111111001000000111011011111111111111111
111111000111111100011101100000011011011101111111111111111111111101000000110010011111111111111111
111000010111111100111101100011010010000111111111111111111111111100000000000001011111111111111111
111011110111111101111101100011000111111111111111111111111111111110000000000000011111111111111111
111011110111111100111101100111111111111111111111111111111111111110000000000000111111111111111111
110011110111111110111000000111111111111111111111111111111111111110000000000001111111111111111111
110111110111111100011011111111111111111111111111111111111111111111000000000001111111111111111111
110111110111111101011111111111111111111111111111111111111111111111000000000011111111111111111111
110001110000010001111111111111111111111111111111111111111111111110011000000000000111111111111111
100101110111001111111111111111111111111111111111111111111111111111111110000000000111111111111111
001101100111011111111111111111111111111111111111111111111111111111100000111000000111111111111111
011101001111011111111111111111111111111111111111111111111111111111101101111110000111111111111111
000000011111011111111111111111111111111111111111111111111111100111100000111110011111111111111111
011111011111011111111111111111111111111111111111111111111111110000000110111110011111111111111111
001111001111011111111111111111111111111111111111111111111111110111110010111110000111111111111111
001111101111011111111111111111111111111111111111111111111111110111111000011110101111111111111111
000111101111011111111111111111111111111111111111111111111111000111111111011110101111111111111111
000111101000011111111111111111111111111111111111111111111101110111111111011110111111111111111111
100111000001111111111111111111111111111111111111111111110001110000000111011110111111111111111111
100000000000111111111111111111111111111111111111111111111100000111110111000000101111111111111111
111111000000111111111111111111111111111111111111111111111110100000110111011100111111111111111111
111111100000001111111111111111111111111111111111111111111111101110100000011000111111111111111111
111111111010011111111111111111111111111111111111111111111111100010101110011001111111111111111111
111111111010111111111111111111111111111111111111111111111111111000101110000001111111111111111111
111111111111111111111111111111111111111111111111111111111111111100101111000011111111111111111111
111111111111111111111111111111111111111111111111111111111111111100001110001111111111111111111111
111111111111111111111111111111111111111111111111111111111111111110001100111111111111111111111111
111111111111111111111111111111111111111111111111111111111111111110000000111111111111111111111111
111111111111111111111111111111111111111111111111111111111111111111100111111111111111111111111111
