111111111111111111111111111111111111111111111111111111111111111111111111111111111111111111111111
100000000000011111111111111111111111111111111111111111111111111111111111111111111111111111111111
100000000000001111111111111111111111111111111111111111111111111111111111111111111111111111111111
000000000000000111111111111111111111111111111111111111111111111111111111111111111111111111111111
000110000000000011111111111000000011111111111111111111111111111111111111111111111111111111111111
001110000001100011111111111110000111111111111111111111111111111111111111111111111111111111111111
001110000011110001111111111111000111111111111111111111101111111111111111111111111111111111111111
001111100011110001111111111000000000111111111111111111100111111111111111111111111111111111111111
001101000000001001111111110111000110000111111111110001110111111111111111111111111111111111111111
000000000011100001111111111111000111000111111111110001110011111111111111111111111111111111111111
000011100011110001111111111111000011000111111111110001111000011111111111111111111111111111111111
000000110011101101111111111010000000010111111111111100001111011111111111111111111111111111111111
000110110000101001111111111000000000010111111111111111100000001111111111111111111111111111111111
001110110000000011111111111110000000000111111111111111111111111111111111111111111111111111111111
000110110000000011111111111110000000000111111111111111111111111111111111111111111111111111111111
000010111000000011111111110000000000001111111111111111111111111111111111111111111111111111111111
000010010000000000011110000000000000111111111111111111111111111111111111111111111111111111111111
000000000000000000000000000000000000111111111111111111111111111111111111111111111111111111111111
001110000000000000000000000111101111111111111111111111111111111111111111111111111111111111111111
000010000100000000000010000111110011111111111111111111111111111111111111111111111111111111111111
000000011100000000011111000011110011111111111111111111111111111111111111111111111111111111111111
000001111101000000011111110001110000011111111111111111111111111111111111111111111111111111111111
000011110001100011011111111000000000001111111111111111111111111111111111111111111111111111111111
000001110111100111011111110000000000000111111111111111111111111111111111111111111111111111111111
000011100110000111011111100000000100000111111111111111111111111111111111111111111111111111111111
000000101110000000001100000000011100001111111111111111111111111111111111111111111111111111111111
000000001100011111100001110000000001111111111111111111111111111111111111111111111111111111111111
000000100000011111110001110000001111111111111111111111111111111111111111111111111111111111111111
000110111000001111110011110000001111111111111111111111111111111111111111111111111111111111111111
000110111000000011000011110000001111111111111111111111111111111111111111111111111111111111111111
000000110000000000000011110110001111111111111111111111111111111111111111111111111111111111111111
000111110000000000000000000111111111111111111111111111111111111111111111111111111111111111111111
000000110001000000000001111111111111111111111111111111111111111111111111111111111111111111111111
000000000011100000000011111111111111111111111111111111111111111111111111111111111111111111111111
000111000011111000000011111111111111111111111111111111111111111111111111111111111111111001111111
000000000011000001000111111111111111111111111111111111111111111111111111111111111111111001111111
000000000011011011101111111111111111111111111111111111111111111111111111111111111111111001111111
000000000111010001111111111111111111111111111111111111111111111111111111111111111111111001111111
100000000100000101111111111111111111111111111111111111111111111111111111111111111111111001111111
100000001101011100111111111111111111111111111111111111111111111111111111111111111111111001111111
100000000101011001111111111111111111111111111111111111111111111111111111111111111111111000111111
100000000000000111111111111111111111111111111111111111111111111111111111111111111111110000011111
110000000001110111111111111111111111111111111111111111111111111111111111111111111111110000001111
110000000001110111111111111111111111111111111111111111111111111111111111111111111111110000000111
111000000011111111111111111111111111111111111111111111111111111111111111111111111111110000000001
111000000001111111111111111111111111111111111111111111111111111111111111111111111111111000000011
111000000011111111111111111111111111111111111111111111111111111111111111111111111111111111100001
111000001111111111111111111111111111111111111111111111111111111111111111111111111111111111111111
111000001111111111111111111111111111111111111111111111111111111111111111111111111111111111111111
110000001110111111111111111111111111111111111111111111111111111111111111111111111111111100011111
000000000000111111111111111111111111111111111111111111111111111111111111111111111111111100001111
000000000000111111111111111111111111111111111111111111111111111111111111111111111111111100001111
000000000001111100011111111111111111111111111111111111111111111111111111111111111111111100000111
000000000101111100011111111111111111111111111111111111111111111111111111111111111111111000000011
000000000001111100011111111111111111111111111111111111111111111111111111111111111111111000001011
000000000000111000000111111111111111111111111111111111111111111111111111111111010111111000000011
000000000111000000000011111111111111111111111111111111111111111111111001100111000111111100011011
000000000110000000000000001111111111111111111111111111111111111111111100000000000011111100001001
000000000111000000000000000111111111111111111111111111111111111111111110000001100001111100001001
000000000000000000000000000111111111111111111111111111111111111111111110001101100001111100000001
000000000000000000000000000011111111111111111111111111111111111111111000000001101100100000000001
000000000000000000000000000000010111111111111111111111111111111111111100000000101100100000000000
000000000000000000000000000000000000001111111111111111111111111111111011000000001110100000011100
000000000000000000000000000000000000011111111111111111111111111110111001000011100000000000011100
000000000000000000000000000000000000111111111111111111111111100000000000000000101100000000011100
000000000000000000000111000000000011111111111111111111111111101100000000000000101100000000000000
000000000000000000001111100000000011111111111111111111111111100000000000011100101000000000000000
110000000000000000011111110000000011111111111111111111111111101000000000011100000000000000000000
110000000000000000011111110000000111111111111111111111101111000000000000011100000000000000010000
110000000000000000011111110000000111111111111111111111100001000001000000000010000000000001010000
110000000000000000001111100000000111111111111111111111100000000000000001101110000000000001100000
111000000000000000000111000000000111111111111111111111101000011000000000001111000000000000000000
100000000000000000000000000000001111111111111111111111101000111000000011000111000000000000110001
111000000000000000000000000000001111111111111111111111100000000000000001010000000001100000001001
111100000000000000000000000000001111111111111111111111100011101000001000000000000000000000000001
111100000000000000000000000000011111111111111111111111100011101100011111010000000111100000000001
111111000000000000000000000000011111111111111111111111110001101100011111000000000000001101100111
111111000000000000000000000000011111111111111111111111111001101000011111000000000011011110001111
111110000000000000000000000000111111111111111111111111111000001000001110000010000000001110011111
111110000000000000000000000000000111111111111111111111111111000000000000000110000000001110011111
111111000000000000000000000000000001111111111111111111111111100000000000001110110000001101111111
111111100000000000000000000000000000011111111111111111111110010000000000000010000001101101111111
111111100000000000000000000000000000011111111111111111110000110111000000011100000000111101111111
111111100000000000000000000000000000001111111111111111000000111111010000000100000000001101111111
111111100000000000000000000000000000000111111111111111000000111111000110000000000000000001111111
111111100000000000000000000000000000000111111111111111000000011110010100000000000001001111111111
111111110110000000000000000000000000000011111111111111000000000000110000100000000101101111111111
111111111111000000000000000000000000000001111111111111000000000000000000000000011101101111111111
111111111111000000000000000000000000000001111111111111000000010001101100000000000101001111111111
111111111111110000000000000000000000000000111111111100000000110011101100000001000000011111111111
111111111111111000000000000000000000000000111111111100000000010000001110000011000000011111111111
111111111111111000000000000000000000000000111111111101110000000001100000000011110000011111111111
111111111111111100000000000000000000000000001111111100000000100000100000000011110000011111111111
111111111111111100000000000000000000000000001111111100000000110000000000000000000000111111111111
111111111111111100000000000000000000000000000011111110011110000000000000000000010001111111111111
111111111111111100000000000000000111111111111111111111111111111100000000000000111111111111111111
