111111111111111111111111111111111111111111111111111111111111111111111111111111111111111111111111
111111111111111111111111111111111111111111111111111111111111111111111111111111111111111111111111
101111111111111111111111111111111111111111111111111111111111111111111111111111111111111111111111
000000111111111111111111111111111111111111111111111111111111111111111111111111111111111111111111
000110111111111111111111111111111111111111111111111111111111111111111111111111111111111111111111
001110011111111111111111111111111111111111111111111111111111111111111111111111111111111111111111
001110001111111111111111111111111111111111111111111111111111111111111111111111111111111111111111
001111101111111111111111111111111111111111111111111111111111111111111111111111111111111111111111
001101001111111111111111111111111111111111111111111111111111111111111111111111111111111111111111
000000001111111111111111111111111111111111111111111111111111111111111111111111111111111111111111
000011100111111111111111111111111111111111111111111111111111111111111111111111111111111111111111
000000110111111111111111111111111111111111110111111111111111111111111111111111111111111111111111
000110110111111111111111111111111111111111110011111110011111110111111111111111111111111111111111
001110110111111111111111111111111111111110000001101111000000000111111111111111111111111111111111
000111110011111111111111111111111111111110000000001111111111110011000001111111111111111111111111
001111111000011111111111111111111111111110100000011111111111110000010101111111111111111111111111
011111110000011111111111111111111111000000110000000000111111110111110111111101111111111111111111
011111110000000001111111111111111111011111110000011110000110000111110001111100111111111111111111
001111110000000011111111111111110000010001110000011111110000110111110111111110111111111111111111
000011100100000111111111111111110000000100000000011111111011100001100111100110011111111111111111
000001011100000111111111111111110000001100010000011111111011101101101111110000001111111111111111
000001111101000111111111111111110000000000110000000000110001000001101111111011101111111111111111
000001110001101111111111111111100000000001111111111000000101011100000111111010001111111111111111
000001110111101111111111111111000000000000111111111100111101011101110001111010100111111111111111
000011100110001111111111111111000100000011111111111111111100011000111011000010110011111111111111
000000101110111111111111111111111100001111111111111111111111000010000001110000000011111111111111
000000001100111111111111111111000001111111111111111111111111111111101101100111111011111111111111
000001100001111111111111111111101111111111111111111111111111111111101100001111111011111111111111
000111111001111111111111111111111111111111111111111111111111111111101101101110000011111111111111
000111111011111111111111111111111111111111111111111111111111111111110001100000110000111111111111
001111110011111111111111111111111111111111111111111111111111111111111011101011110110011111111111
000111110111111111111111111111111111111111111111111111111111111111111000001011110111011111111111
000000110111111111111111111111111111111111111111111111111111111111111101100000010111001111111111
000000000111111111111111111111111111111111111111111111111111111111111100001101010111000111111111
000111000111111111111111111111111111111111111111111111111111111111111111111101000000010111111111
000000000111111111111111111111111111111111111111111111111111111111111111111101011101110111111111
000000001111111111111111111111111111111111111111111111111111111111111111111101011101110111111111
000000001111111111111111111111111111111111111111111111111111111111111111111100000001110111111111
100000011111111111111111111111111111111111111111111111111111111111111111111111111100000111111111
100000011111111111111111111111111111111111111111111111111111111111111111111111111101110111111111
111111111111111111111111111111111111111111111111111111111111111111111111111111111101100111111111
111111111111111111111111111111111111111111111111111111111111111111111111111111111101101111111111
111111111111111111111111111111111111111111111111111111111111111111111111111111111101101111111111
111111111111111111111111111111111111111111111111111111111111111111111111111111111100001111111111
111111111111111111111111111111111111111111111111111111111111111111111111111111111111101111111111
111111111111111111111111111111111111111111111111111111111111111111111111111111111111111111111111
111111111111111111111111111111111111111111111111111111111111111111111111111111111111111111111111
111111111111111111111111111111111111111111111111111111111111111111111111111111111111100011111111
111111111111111111111111111111111111111111111111111111111111111111111111111111111111100011111111
111111111111111111111111111111111111111111111111111111111111111111111111111111111111100000111111
000111111111111111111111111111111111111111111111111111111111111111111111111111111111100011111111
000011111111111111111111111111111111111111111111111111111111111111111111111111111111100011111111
000011111111111111111111111111111111111111111111111111111111111111111111111111111111100011111111
000011111111111111111111111111111111111111111111111111111111111111111111111111111111100111111111
000001111111111111111111111111111111111111111111111111111111111111111111111111111111000111111111
000000011111111111111111111111111111111111111111111111111111111111111111111111111111000111111111
000000001111111111111111111111111111111111111111111111111111111111111111111111111111000011111111
000000000111111111111111111111111111111111111111111111111111111111111111111111111111000011111111
000000000111111111111111111111111111111111111111111111111111111111111111111111111111000011111111
000000000111111111111111111111111111111111111111111111111111111111111111111111111110000011111111
000000000111111111111111111111111111111111111111111111111111111111111111111111111111011111111111
001110000000111111111111111111111111111111111111111111111111111111111111111111111111011111111111
011111000000011111111111111111111111111111111111111111111111111111111111111111111111011111111111
011111000000001111111111111111111111111111111111111111111111111111111111111111111111111111111111
011111000000001111111111111111111111111111111111111111111111111111111111111111111111111111111111
001110000000001111111111111111111111111111111111111111111111111111111111111111111111111111111111
000000000000000111111111111111111111111111111111111111111111111111111111111111111111111111111111
110000000111000011111111111111111111111111111111111111111111111111111111111111111111111111111111
110000001111100011111111111111111111111111111111111111111111111111111111111111111111111111111111
110000001111100000111111111111111111111111111111111111111111111111111111111111111111111111111111
110001110111100000111111111111111111111111111111111111111111111111111111111111111111111111111111
111001110111000000000111111111111111111111111111111111111111111111111111111111111111111111111111
100001110000000000000111111111111111111111111111111111111111111111111111111111111111111111111111
111000000000000000000111111111111111111111111111111111111111111111111111111111111111111111111111
111100000000000000000111111111111111111111111111111111111111111111111111111111111111111111111111
111100000000000000000001111111111111111111111111111111111111111111111111111111111111111111111111
111111000000000000000000111111111111111111111111111111111111111111111111111111111111111111111111
111111000000000000000000111111111111111111111111111111111111111111111111111111111111111111111111
111110000000000011100000000111111111111111111111111111111111111111111111111111111111111111111111
111110000000000111110000001111100111111111111111111111111111111111111111111111111111111111111111
111111000000000111110000001111100011111111111111111111111111111111111111111111111111111111111111
111111100000000111110000001111100111111111111111111111111111111111111111111111111111111111111111
111111100000000011100000000111000111111111111111111111111111111111111111111111111111111111111111
111111100000000000000000000000000111111111111111111111111111111111111111111111111111111111111111
111111100000000000000001110000000011100111111111111111111111111111111111111111111111111111111111
111111100000000000000001110000000011100111111111111111111111111111111111111111111111111111111111
111111110110000000000001110000000111110011111111111111111111111111111111111111111111111111111111
111111111111000000000000000000001111111001111111111111111111111111111111111111111111111111111111
111111111111000000000000000000001111111111111111111111111111111111111111111111111111111111111111
111111111111110000000000000000001111111111111111111111111111111111111111111111111111111111111111
111111111111111000000000000000000111111111111111111111111111111111111111111111111111111111111111
111111111111111000000000000000000011111111111111111111111111111111111111111111111111111111111111
111111111111111100000000000000000000111111111111111111111111111111111111111111111111111111111111
111111111111111100000000000000000000111111111111111111111111111111111111111111111111111111111111
111111111111111100000000000000000001111111111111111111111111111111111111111111111111111111111111
111111111111111100000000000000000111111111111111111111111111111111111111111111111111111111111111
