111111111111111111111111111111111111111111111111111111111111111111111111111111111111111111111111
111110111110000011111111111111111111111111111111101100011111111111111111111111111111111111111111
111100111000000011111111111111110000111100111111100000001111111111111111111111111111111111111111
111110000000000011111111111111111000011000111111100000000011111111111111111111111111111111111111
111110000000000011111111111111111000000000000000000000000011111111111111111111111111111111111111
111100000000000011111111111111100000000000000000000000000011111111111111111111111111111111111111
111110000000000111111111111111100000000000000000000000000011111111111111111111111111111111111111
111110000000000111111111111111100000000000000000000000000011111111111111111111111111111111111111
111110000000000111111111111111100000000000000000000000000000111111111111111111111111111111111111
111110000000000111111111111111100000000000000000000000000000011111111111111111111111111111111111
111110000000000111111111111111100000000000000000000000000000001111111111111111111111111111111111
111111111111111111111111111111100000000000000000000000000000000001111111111111111111111111111111
111111111111111111111111111111100000000000000000000000000000000001111111111111111111111111111111
111111111111111111111111111111000000000000000000000000000000000001111111111111111111111111111111
111111111111111111111111111100000000000000000000000000000000000000111111111111111111111111111111
111111111111111111111111111100000000000000000000000000000000000000111111111111111111111111111111
111111111111111111111111111100000000000000000000000000000000000000111111111111111111111111111111
111111111111111111111111111100000000000000000000000000000000000000111111111111111111111111111111
111111111111111111111111111100000000000000000000000000000000000000111111111111111111111111111111
111111111111111111111111110000000000000000000000000000000000000000111111111111111111111111111111
111111111111111111111111110000000000000000000000000000000000000000111111111111111111111111111111
111111111111111111111111100000000000000000000000000000000000000000111111111111111111111111111111
111111111111111111111111111110000000000000000000000000000000000000001111111111111111111111111111
111111111111111111111111111110000000000000000000000000000000000000001111111111111111111111111111
111111111111111111111111111110000000000000000000000000000000000000001111111111111111111111111111
111111111111111111111111111110000000000000000000000000000000000000001111111111111111111111111111
111111111111111111111111111110000000000000000000000000000000000000000011111111111111111111111111
111111111111111111111111111111000000000000000000000000000000000000000001111111111111111111111111
111111111111111111111111111111000000000000000000000000000000000000000001111111111111111111111111
111111111111111111111111111111000000000000000000000000000000000000000000000111111111111111111111
111111111111111111111111111111000000000000000000000000000000000000000000000001111111111111111111
111111111111111111111111111111110000000000000000000000000000000000000000000000111111111111111111
111111111111111111111111111111111000000000000000000000000000000000000000000000001111111111111111
111111111111111111111111111111111000000000000000000000000000000000000000000000000001111111111111
111111111111111111111111111111111111000000000000000000000000000000000000000000000000011111111111
111111111111111111111111111111111111100000000000000000000000000000000000000000000000011111111111
111111111111111111111111111111111111111110000000000000000000000000000000000000000000000111111111
111111111111111111111111111111111111111110000000000000000000000000000000000000000000000111111111
111111111111111111111111111111111111111111000000000000000000000000000000000000000000000000111111
111111111111111111111111111111111111111111000000000000000000000000000000000000000000000000111111
111111111111111111111111111111111111111111100000000000000000000000000000000000000000000000011111
111111111111111111111111111111111111111111100000000000000000000000000000000000000000000000001111
111111111111111111111111111111111111111111100000000000000000000000000000000000000000000000000111
111111111111111111111111111111111111111111000000000000000000000000000000000000000000000000011111
111111111111111111111111111111111111111111111000000000000000000000000000000000000000000000001111
111111111111111111111111111111111111111111111000000000000000000000000000000000000000000001111111
111111111111111111111111111111111111111111111111111000000000000000000000000000000000000011111111
111111111111111111111111111111111111111111111111111111111111111111111111111111000000011111111111
111111111111111111111111111111111111111111111111111111111111111111111111111111000000011111111111
111111111111111111111111111111111111111111111111111111111111111111111111110111000000000111111111
111111111111111111111111111111111111111111111111111111111111111111111100000000000000000111111111
111111111111111111111111111111111111111111111111111111111111111111111100000000000000000011111111
111111111111111111111111111111111111111111111111111111111111111111111100000000000000000011111111
111111111111111111111111111111111111111111111111111111111111111111111100000000000000000011111111
111111111111111111111111111111111111111111111111111111111111111111111000000000000000000011111111
111111111111111111111111111111111111111111111111111111111111111111100000000000000000000011111111
111111111111111111111111111111111111111111111111111111111111111111110000000000000000000011111111
111111111111111111111111111111111111111111111111111111111111111111100000000000000000000011111111
111111111111111111111111111111111111111111111111111111111111111111000000000000000000000001111111
111111111111111111111111111111111111111111111111111111111111111111110111100000000000000000111111
111111111111111111111111111111111111111111111111111111111111111111111111110000000000000001111111
111111111111111111111111111111111111111111111111111111111111111111111111111110100000000001111111
111111111111111111111111111111111111111111111111111111111111111111111111111011111100000001111111
111111111111111111111111111111111111111111111111111111111111111111111111011111011101000001111111
111111111111111111111111111111111111111111111111111111111111111111111111111111111111100001111111
111111111111111111111111111111111111111111111111111111111111111111111110010110100010000001111111
111111111111111111111111111111111111111111111111111111111111111111111111011111111111111000011111
111111111111111111111111111111111111111111111111111111111111111111111111111111110100111000000111
111111111111111111111111111111111111111111111111111111111111111111111111101101111111011000000111
111111111111111111111111111111111111111111111111111111111111111111111111110111001000110000001111
111111111111111111111111111111111111111111111111111111111111111111111111110011101101111000000111
111111111111111111111111111111111111111111111111111111111111111111111111111110000111001000000111
111111111111111111111111111111111111111111111111111111111111111111111111111001111100011000011111
111111111111111111111111111111111111111111111111111111111111111111111111010011111111110000011111
111111111111111111111111111111111111111111111111111111111111111111111111111110101110100000011111
111111111111111111111111111111111111111111111111111111111111111111111111010010111111110000011111
111111111111111111111111111111111111111111111111111111111111111111111100001110111010100011111111
111111111111111111111111111111111111111111111111111111111111111111111110000111110110101111111111
111111111111111111111111111111111111111111111111111111111111111111110000000011010110111111111111
111111111111111111111111111111111111111111111111111111111111111111110000000001011110111111111111
111111111111111111111111111111111111111111111111111111111111111111100000000000001100111111111111
111111111111111111111111111111111111111111111111111111111111111110000000000000000000111111111111
111111111111111111111111111111111111111111111111111111111111111110000000000000000000111111111111
111111111111111111111111111111111111111111111111111111111111111110000000000000000000111111111111
111111111111111111111111111111111111111111111111111111111111111110000000000000000000111111111111
111111111111111111111111111111111111111111111111111111111111111110000000000000000000111111111111
111111111111111111111111111111111111111111111111111111111111111100000000000000000001111111111111
111111111111111111111111111111111111111111111111111111111111111100000000000000000001111111111111
111111111111111111111111111111111111111111111111111111111111111100000000000000000001111111111111
111111111111111111111111111111111111111111111111111111111111111100000000000000000001111111111111
111111111111111111111111111111111111111111111111111111111111111100000000001111110001111111111111
111111111111111111111111111111111111111111111111111111111110000000000000001111111111111111111111
111111111111111111111111111111111111111111111111111111111110000000000000001111111111111111111111
111111111111111111111111111111111111111111111111111111111111000000000000001111111111111111111111
111111111111111111111111111111111111111111111111111111111111000000000000111111111111111111111111
111111111111111111111111111111111111111111111111111111111111000000000111111111111111111111111111
