000000000000000000000000000000000000000000000000000000000000110000000000000000000000000000000000
000000000000000000000000000000000000000000000000000000001111111111111100000000000000000000000000
000000000000000000000000000000000000000000000000000000000111111111111111100000000000000000000000
000000000000000000000000000000000000000000000000000000000011111111111111111111100000000000000000
000000000000000000000000000000000000000000000000000000000011111111111111111111100000000000000000
000000000000000000000000000000000000000000000000000000001111111111111111111111110000000000000000
000000000000000000000000000000000000000000000000000000001111111111111111111111110000000000000000
000000000000000000000000000000000000000000000000000011111111111111111111111111111000000000000000
000000000000000000000000000000000000000000000000000011111111111111111111111111111000000000000000
000000000000000000000000000000000000000000000000000011111111111111111111111111111000000000000000
000000000000000000000000000000000000000000000000000011111111111111111111111111111000000000000000
000000000000000000000000000000000000000000000000000000011111111111111111111111111000000000000000
000000000000000000000000000000000000000000000000000000011111111111111111111111111000000000000000
000000000000000000000000000000000000000000000000000000000011111111111111111111111110000000000000
000000000000000000000000000000000000000000000000000000000011111111111111111111111111000000000000
000000000000000000000000000000000000000000000000000000000000011111111111111111111100000000000000
000000000000000000000000000000000000000000000000000000000000011111111111111111111100000000000000
000000000000000000000000000000000000000000000000000000000000000001111111111111100000000000000000
000000000000000000000000000000000000000000000000000000000000000000111111111111100000000000000000
000000000000000000000000000000000000000000000000000000000000000000011111111000000000000000000000
000000000000000000000000000000000000000000000000000000000000000000001111110000000000000000000000
000000000000000000000000000000000000000000000000000000000000000000000011110000000000000000000000
000000000000000000000000000000000000000000000000000000000000000000000011110000000000000000000000
000000000000000000000000000000000000000000000000000000000000000000000010000000000000000000000000
000000000000000000000000000000000000000000000000000000000000000000000010000000000000000000000000
000000000000000000000000000000000000000000000000000000000000000000000000000000000000000000000000
000000000000000000000000000000000000000000000000000000000000000000000000000000000000000000000000
000000000000000000000000000000000000000000000000000000000000000000000000000000000000000000000000
000000000000000000000000000000000000000000000000000000000000000000000000000000000000000000000000
000000000000000000000000000000000000000000000000000000000000000000000000000000000000000000000000
000000000000000000000000000000000000000000000000000000000000000000000000000000000000000000000000
000000000000000000000000000000000000000000000000000000000000000000000000000000000000000000000000
000000000000000000000000000000000000000000000000000000000000000000000000000000000000000000000000
000000000000000000000000000000000000000000000000000000000000000000000000000000000000000000000000
000000000000000000000000000000000000000000000000000000000000000000000000000000000000000000000000
000000000000000000000000000000000000000000000000000000000000000000000000000000000000000000000000
000000000000000000000000000000000000000000000000000000000000000000000000000000000000000000000000
000000000000000000000000000000000000000000000000000000000000000000000000000000000000000000000000
000000000000000000000000000000000000000000000000000000000000000000000000000000000000000000000000
000000000000000000000000000000000000000000000000000000000000000000000000000000000000000000000000
000000000000000000000000000000000000000000000000000000000000000000000000000000000000000000000000
000000000000000000000000000000000000000000000000000000000000000000000000000000000000000000000000
000000000000000000000000000000000000000000000000000000000000000000000000000000000000000000000000
000000000000000000000000000000000000000000000000000000000000000000000000000000000000000000000000
000000000000000000000000000000000000000000000000000000000000000000000000000000000000000000000000
000000000000000000000000000000000000000000000000000000000000000000000000000000000000000000000000
000000000000000000000000000000000000000000000000000000000000000000000000000000000000000000000000
000000000000000000000000000000000000000000000000000000000000000000000000000000000000000000000000
000000000000000000000000000000000000000000000000000000000000000000000000000000000000000000000000
000000000000000000000000000000000000000000000000000000000000000000000000000000000000000000000000
000000000000000000000000000000000000000000000111111111000000000000000000000000000000000000000000
000000000000000000000000000000000000000000000011111111100000000000000000000000000000000000000000
000000000000000000000000000000000000000000000011111111100000000000000000000000000000000000000000
000000000000000000000000000000000000000000000111111111100000000000000000000000000000000000000000
000000000000000000000000000000000000000001111110001111110000000000000000000000000000000000000000
000000000000000000000000000000000000000011111110000011111000000000000000000000000000000000000000
000000000000000000000000000000000000000011111110000011111000000000000000000000000000000000000000
000000000000000000000000000000000001111111111110000011110000000000000000000000000000000000000000
000000000000000000000000000000000001111111111110000011110000111000000000000000000000000000000000
000000000000000000000000000000000001111111111110000011111111111111100000000000000000000000000000
000000000000000000000000000000000001111111111100000011111111111111111000000000000000000000000000
000000000000000000000000000000000011111111111100000011111111111111111111100000000000000000000000
000000000000000000000000000000000111111111111100000001111111111111111111111100000000000000000000
000000000000000000000000000000001111111111111100000001111111111111111111111100000000000000000000
000000000000000000000000000000011111111111111100000000011111111111111111111111100000000000000000
000000000000000000000000000000111111111111111100000000011111111111111111111111100000000000000000
000000000000000000000000000001111111111111111100000000000011111111111111111111100000000000000000
000000000000000000000000000001111111111111111100000000000001111111111111111111100000000000000000
000000000000000000000000000001111111111111111100000000000000111111111111111111000000000000000000
000000000000000000000000000001111111111111111100000000000000001111111111111111000000000000000000
000000000000000000000000001111111111111111111100000000000000001111111111111111000000000000000000
000000000000000000000000111111111111111111111100000000000000001111111111111111100000000000000000
000000000000000001111111111111111111111111111100000000000000001111111111111111100000000000000000
000000000000000001111111111111111111111111111100000000000000000011111111111111100000000000000000
000000000000001111111111111111111111111111111100000000000000000010111111111111100000000000000000
000000000000001111111111111111111111111111111100000000000000000011111111111111100000000000000000
000000000000001111111111111111111111111111111100000000000000000010111111111111000000000000000000
000000000000001111111111111111111111111111111000000000000000000011111111111111110000000000000000
000000000000011111111111111111111111111111111000000000000000000000111111111111110000000000000000
000000000000011111111111111111111111111111100000000000000000000000111111111111110000000000000000
000000000000011111111111111111111111111111000000000000000000000000111111111111110000000000000000
000000000000011111111111111111111111111111000000000000000000000000111111111111110000000000000000
000000000000011111111111111111111111111111000000000000000000000000111111111111110000000000000000
000000000000011111111111111111111111111111000000000000000000000000111111111111110000000000000000
000000000001111111111111111111111111111111000000000000000000000000011111111111110000000000000000
000000000011111111111111111111111111111111000000000000000000000000011111111111111000000000000000
000000000011111111111111111111111111111111000000000000000000000000011111111111111100000000000000
000000000011111111111111111111111111111111100000000000000000000000001111111111111000000000000000
000000000011111111111111111111111111111111000000000000000000000000001111111111111111000000010000
000000000111111111111111111111111111111111000000000000000000000000001111111111111111111111110000
000000000100011111111111111111111111111111000000000000000000000000111111111111111111111111110000
000000000000011111111111111111111111111110000000000000000000000000000011111111111111111111110000
000000000000001111111111111111111111111110000000000000000000000000000001111111111111111111110000
000000000000000001111111111111111111111111000000000000000000000000000001111111111111111111110000
000000000000000000111111111111111111111001000000000000000000000000000001111111111111111111110000
000000000000000000011111111111111111111000000000000000000000000000000000001111111111111111110000
