111111111111111111111111111111111111111111111111111111111111111111111111111111111111111111111111
111111111111111111111111111111111111111111111111111111111111111111111111111111111111111111111111
111111111111111111111111111111111111111111111111111111111111111111111111111111111111111111111111
111111111111111111111111111111111111111111111111111111111111111111111111111111111111111111111111
111111111111111111111111111111111111111111111111111111111111111111111111111111111111111111111111
111111111111111111111111111111111111111111111111111111111111111111111111111111111111111111111111
111111111111111111111111111111111111111111111111111111111111111111111111111111111111111111111111
111111111111111111111111111111111111111111111111111111111111111111111111111111111111111111111111
111111111111111111111111111111111111111111111111111111111111111111111111111111111111111111111111
111111111111111111111111111111111111111111111111111111111111111111111111111111111111111111111111
111111111111111111111111111111111111111111111111111111111111111111111111111111111111111111111111
111111111111111111111111111111111111111111111111111111111111111111111111111111111111111111111111
111111111111111111111111111111111111111111111111111111111111111111111111111111111111111111111111
111111111111111111111111111111111111111111111111111111111111111111111111111111111111111111111111
111111111111111111111111111111111111111111111111111111111111111111111111111111111111111111111111
111111111111111111111111111111111111111111111111111111111111111111111111111111111111111111111111
111111111111111111111111111111111111111111111111111111111111111111111111111111111111111111111111
111111111111111111111111111111111111111111111111111111111111111111111111111111111111111111111111
111111111111111111111111111111111111111111111111111111111111111111111111111111111111111111111111
111111111111111111111111111111111111111111111111111111111111111111111111111111111111111111111111
111111111111111111111111111111111111111111111111111111111111111111111111111111111111111111111111
111111111111111111111111111111111111111111111111111111111111111111111111111111111111111111111111
111111111111111111111111111111111111111111111111111111111111111111111111111111111111111111111111
111111111111111111111111111111111111111111111111111111111111111111111111111111111111111111111111
111111111111111111111111111111111111111111111111111111111111111111111111111111111111111111111111
111111111111111111111111111111111111111111111111111111111111111111111111111111111111111111111111
111111111111111111111111111111111111111111111111111111111111111111111111111111111111111111111111
111111111111111111111111111111111111111111111111111111111111111111111111111111111111111111111111
111111111111111111111111111111111111111110011100001111111111111111111111111111111111111111111111
111111111111111111111111111111111111111100000000000001111111111111111111111111111111111111111111
111111111111111111111111111111111111110000000000000000011111111111111111111111111111111111111111
000000000000000011101111100000000000000000000000000000000001111111111111111111111111111111111111
000000000000000000000000000000000000000000000000000000000000011111111111111111111111111111111111
000000000000000000000000000000000000000000000000000000000000001111111111111111111111111111111111
000000000000000000000000000000000000000000000000000000000000000000111111111111111111111111111111
000000000000000000000000000000000000000000000000000000000000000000101111111111111111111111111111
000000000000000000000000000000000000000000000000000000000000000000001111111111111111111111111111
000000000000000000000000000000000000000000000000000000000000000000000000011111111111111111111111
000000000000000000000000000000000000000000000000000000000000000000000000011011111111111111111111
000000000000000000000000000000000000000000000000000000000000000000000000000011111111111111111111
000000000000000000000000000000000000000000000000000000000000000000000000000000111111111111111111
000000000000000000000000000000000000000000000000000000000000000000000000000000001111111111111111
000000000000000000000000000000000000000000000000000000000000000000000000000000000001111111111111
000000000000000000000000000000000000000000000000000000000000000000000000000000000000011111111111
000000000000000000000000000000000000000000000000000000000000000000000000000000000000000111111111
000000000000000000000000000000000000000000000000000000000000000000000000000000000000000011111111
000000000000000000000000000000000000000000000000000000000000000000000000000000000000000000011111
000000000000000000000000000000000000000000000000000000000000000000000000000000000000000000011111
000000000000000000000000000000000000000000000000000000000000000000000000000000000000000000011111
000000000000000000000000000000000000000000000000000000000000000000000000000000000000000000011111
000000000000000000000000000000000000000000000000000000000000000000000000000000000000000000011111
000000000000000000000000000000000000000000000000000000000000000000000000000000000000000000011111
000000000000000000000000000000000000000000000000000000000000000000000000000000000000000000011111
000000000000000000000000000000000000000000000000000000000000000000000000000000000000000000011111
000000000000000000000000000000000000000000000000000000000000000000000000000000000000000000011111
000000000000000000000000000000000000000000000000000000000000000000000000000000000000000000011111
000000000000000000000000000000000000000000000000000000000000000000000000000000000000000000011111
000000000000000000000000000000000000000000000000000000000000000000000000000000000000000000011111
000000000000000000000000000000000000000000000000000000000000000000000000000000000000001111011111
000000000000000000000000000000000000000000000000000000000000000000000000000000000000001111011111
000000000000000000000000000000000000000000000000000000000000000000000000000000000000011111111111
000000000000000000000000000000000000000000000000000000000000000000000000000000000011111111111111
000000000000000000000000000000000000000000000000000000000000000000000000000000000011111111111111
000000000000000000000000000000000000000000000000000000000000000000000000000000000011111111111111
000000000000000000000000000000000000000000000000000000000000000000000000000001110001111111111111
000000000000000000000000000000000000000000000000000000000000000000000000000011110100111111111111
000000000000000000000000000000000000000000000000000000000000000000000000000011111111111111111111
000000000000000000000000000000000000000000000000000000000000000000000000100011111111111111111111
000000000000000000000000000000000000000000000000000000000000000000000000101111111111111111111111
000000000000000000000000000000000000000000000000000000000000000000000000111111111111111111111111
000000000000000000000000000000000000000000000000000000000000000000000001111111111111111111111111
000000000000000000000000000000000000000000000000000000000000000000000011111111111111111111111111
000000000000000000000000000000000000000000000000000000000000000000000011111111111111111111111111
000000000000000000000000000000000000000000000000000000000000000000000011111111111111111111111111
000000000000000000000000000000000000000000000000000000000000000000000011111111111111111111111111
000000000000000000000000000000000000000000000000000000000000000000000011111111111111111111111111
000000000000000000000000000000000000000000000000000000000000000000000000111111111111111111111111
000000000000000000000000000000000000000000000000000000000000000000000000000110100111111111111111
000000000000000000000000000000000000000000000000000000000000000000000000000000000011111111111111
000000000000000000000000000000000000000000000000000000000000000000000000000000000011111111111111
000000000000000000000000000000000000000000000000000000000000000000000000000000000010000111111111
000000000000000000000000000000000000000000000000000000000000000000000000000000000000000111111111
000000000000000000000000000000000000000000000000000000000000000000000000000000000000000111111111
000000000000000000000000000000000000000000000000000000000000000000000000000000000000011111111111
000000000000000000000000000000000000000000000000000000000000000000000000000000000000011111111111
000000000000000000000000000000000000000000000000000000000000000000000000000000000000011111111111
000000000000000000000000000000000000000000000000000000000000000000000000000000000000011111111111
000000000000000000000000000000000000000000000000000000000000000000000000000000000000011111111111
000000000000000000000000000000000000000000000000000000000000000000000000000000000000000011111111
000000000000000000000000000000000000000000000000000000000000000000000000000000000000000011111111
000000000000000000000000000000000000000000000000000000000000000000000000000000000000000011111111
000000000000000000000000000000000000000000000000000000000000000000000000000000000000000000111111
000000000000000000000000000000000000000000000000000000000000000000000000000000000000000000111111
000000000000000000000000000000000000000000000000000000000000000000000000000000000000000000111111
000000000000000000000000000000000000000000000000000000000000000000000000000000000000000000111111
000000000000000000000000000000000000000000000000000000000000000000000000000000000000000000011111
