111111111111111111111111111111111111111111111111111111111111111111111111111111111111111111111111
111111111111111111111111111111111111111111111111111111111111111111111111111111111111111111111111
111111111111111111111111111111111111111111111111111111111111111111111111111111111111111111111111
011111111111111111111111111111111111111111111111111111111111111111111111111111111111111111111111
001111111111111111111111111111111111111111111111111111111111111111111111111111111111111111111111
001111111111111111111111111111111111111111111111111111111111111111111111111111111111111111111111
001111111111111111111111111111111111111111111111111111111111111111111111111111111111111111111111
001111111111111111111111111111111111111111111111111111111111111111111111111111111111111111111111
001101001111111111111111111111111111111111111111111111111111111111111111111111111111111111111111
000000001111111111111111111111111111111111111111111111111111111111111111111111111111111111111111
000011100111111111111111111111111111111111111111111111111111111111111111111111111111111111111111
000000110111111111111111111111111111111111111111111111111111111111111111111111111111111111111111
000110110111111111111111111111111111111111111111111111111111111111111111111111111111111111111111
001110110111111111111111111111111111111111111111111111111111111111111111111111111111111111111111
000110110011111111111111111111111111111111110000011111111111111011000001111111111111111111111111
000010111000011111111111111111111111111111110000011111111111110000010100000001111111111111111111
000010010000011111111111111111111111111111110000000011111111110111110111101101111111111111111111
000000000000000001111111111111111111111111110000011110000110000111110001101100111111111111111111
001110000000000011111111111111111111111111110000011111110000110111110101101110111111111111111111
000010000100000111111111111111111111111111000000011111111011100001100101100110011111111111111111
000000011100000111111111111111111111111111010000011111111011101101101101110000001111111111111111
000001111101000111111111111111111111111111110000000000110001000001101000111011101111111111111111
000011110001101111111111111111111111111111111111111010000101011100000110111010001111111111111111
000001110111101111111111111111111111111111111111111100111101011101110000111010101111111111111111
000011100110001111111111111111111111111111111111111111111100011110111010000010111111111111111111
000000101110111111111111111111111111111111111111111111111111001010000001110000011111111111111111
000000001100111111111111111111111111111111111111111111111111111111101101100111111111111111111111
000000100001111111111111111111111111111111111111111111111111111111101100001111111111111111111111
000110111001111111111111111111111111111111111111111111111111111111101101101111111111111111111111
000110111011111111111111111111111111111111111111111111111111111111110001111111111111111111111111
000000110011111111111111111111111111111111111111111111111111111111111011111111111111111111111111
000111110111111111111111111111111111111111111111111111111111111111111011111111111111111111111111
000000110111111111111111111111111111111111111111111111111111111111111111111111111111111111111111
000000000111111111111111111111111111111111111111111111111111111111111111111111111111111111111111
000111000111111111111111111111111111111111111111111111111111111111111111111111111111111111111111
000000000111111111111111111111111111111111111111111111111111111111111111111111111111111111111111
000000001111111111111111111111111111111111111111111111111111111111111111111111111111111111111111
000111111111111111111111111111111111111111111111111111111111111111111111111111111111111111111111
111111111111111111111111111111111111111111111111111111111111111111111111111111111111111111111111
111111111111111111111111111111111111111111111111111111111111111111111111111111111111111111111111
111111111111111111111111111111111111111111111111111111111111111111111111111111111111111111111111
111111111111111111111111111111111111111111111111111111111111111111111111111111111111111111111111
111111111111111111111111111111111111111111111111111111111111111111111111111111111111111111111111
111111111111111111111111111111111111111111111111111111111111111111111111111111111111111111111111
111111111111111111111111111111111111111111111111111111111111111111111111111111111111111111111111
111111111111111111111111111111111111111111111111111111111111111111111111111111111111111111111111
111111111111111111111111111111111111111111111111111111111111111111111111111111111111111111111111
111111111111111111111111111111111111111111111111111111111111111111111111111111111111111111111111
111111111111111111111111111111111111111111111111111111111111111111111111111111111111111111111111
111111111111111111111111111111111111111111111111111111111111111111111111111111111111111111111111
001111111111111111111111111111111111111111111111111111111111111111111111111111111111111111111111
000011111111111111111111111111111111111111111111111111111111111111111111111111111111111111111111
000011111111111111111111111111111111111111111111111111111111111111111111111111111111111111111111
000011111111111111111111111111111111111111111111111111111111111111111111111111111111111111111111
000001111111111111111111111111111111111111111111111111111111111111111111111111111111111111111111
000000011111111111111111111111111111111111111111111111111111111111111111111111111111111111111111
000000001111111111111111111111111111111111111111111111111111111111111111111111111111111111111111
000000000111111111111111111111111111111111111111111111111111111111111111111111111111111111111111
000000000111111111111111111111111111111111111111111111111111111111111111111111111111111111111111
000000000111111111111111111111111111111111111111111111111111111111111111111111111111111111111111
001110000111111111111111111111111111111111111111111111111111111111111111111111111111111111111111
011111000000111111111111111111111111111111111111111111111111111111111111111111111111111111111111
111111100000011111111111111111111111111111111111111111111111111111111111111111111111111111111111
111111100000001111111111111111111111111111111111111111111111111111111111111111111111111111111111
111111100000001111111111111111111111111111111111111111111111111111111111111111111111111111111111
011111000000001111111111111111111111111111111111111111111111111111111111111111111111111111111111
001110000111000111111111111111111111111111111111111111111111111111111111111111111111111111111111
110000001111100011111111111111111111111111111111111111111111111111111111111111111111111111111111
110000011111100011111111111111111111111111111111111111111111111111111111111111111111111111111111
110001111111000000111111111111111111111111111111111111111111111111111111111111111111111111111111
110011111111000000111111111111111111111111111111111111111111111111111111111111111111111111111111
111011111111100000000111111111111111111111111111111111111111111111111111111111111111111111111111
100011111111000000000111111111111111111111111111111111111111111111111111111111111111111111111111
111001110000000000000111111111111111111111111111111111111111111111111111111111111111111111111111
111100000000000000000111111111111111111111111111111111111111111111111111111111111111111111111111
111100000000000000000001111111111111111111111111111111111111111111111111111111111111111111111111
111111000000000000000000111111111111111111111111111111111111111111111111111111111111111111111111
111111000000000011100000111111111111111111111111111111111111111111111111111111111111111111111111
111110000000000111110000000111111111111111111111111111111111111111111111111111111111111111111111
111110000000001111111000000000000111111111111111111111111111111111111111111111111111111111111111
111111000000001111111000000000000001111111111111111111111111111111111111111111111111111111111111
111111100000001111111000000000000000011111111111111111111111111111111111111111111111111111111111
111111100000000111110000000000000000011111111111111111111111111111111111111111111111111111111111
111111100000000011100001110000000000001111111111111111111111111111111111111111111111111111111111
111111100000000000000011111000000000000111111111111111111111111111111111111111111111111111111111
111111100000000000000011111000000000000111111111111111111111111111111111111111111111111111111111
111111110110000000000011111000000000000011111111111111111111111111111111111111111111111111111111
111111111111000000000001110000000000000001111111111111111111111111111111111111111111111111111111
111111111111000000000000000000000000000111111111111111111111111111111111111111111111111111111111
111111111111110000000000000000000000000111111111111111111111111111111111111111111111111111111111
111111111111111000000000000000000000011111111111111111111111111111111111111111111111111111111111
111111111111111000000000000000000000011111111111111111111111111111111111111111111111111111111111
111111111111111100000000000000000000111111111111111111111111111111111111111111111111111111111111
111111111111111100000000000000000011111111111111111111111111111111111111111111111111111111111111
111111111111111100000000000000000011111111111111111111111111111111111111111111111111111111111111
111111111111111100000000000000000111111111111111111111111111111111111111111111111111111111111111
